=========== 0
range(8, -1, -1) ,,,,,, [8, 7, 6, 5, 4, 3, 2, 1, 0]
65 60 50 40 30 20 15 10 5 xxx  295
range(8, -1, -1) ,,,,,, [8, 7, 6, 5, 4, 3, 2, 1, 0]
-23 -20 -15 -10 -5 0 0 0 0 xxx  -73
range(8, -1, -1) ,,,,,, [8, 7, 6, 5, 4, 3, 2, 1, 0]
-50 -40 -30 -20 -10 0 0 0 0 xxx  -150
range(8, -1, -1) ,,,,,, [8, 7, 6, 5, 4, 3, 2, 1, 0]
-25 -25 -20 -15 -10 -5 0 0 0 xxx  -100
295 -100 ***
=========== 1
range(9, -1, -1) ,,,,,, [9, 8, 7, 6, 5, 4, 3, 2, 1, 0]
60 65 60 50 40 30 20 15 10 5 xxx  355
range(9, -1, -1) ,,,,,, [9, 8, 7, 6, 5, 4, 3, 2, 1, 0]
-20 -23 -20 -15 -10 -5 0 0 0 0 xxx  -93
range(9, -1, -1) ,,,,,, [9, 8, 7, 6, 5, 4, 3, 2, 1, 0]
-50 -50 -40 -30 -20 -10 0 0 0 0 xxx  -200
range(9, -1, -1) ,,,,,, [9, 8, 7, 6, 5, 4, 3, 2, 1, 0]
-25 -25 -25 -20 -15 -10 -5 0 0 0 xxx  -125
355 -125 ***
=========== 2
range(10, -1, -1) ,,,,,, [10, 9, 8, 7, 6, 5, 4, 3, 2, 1, 0]
50 60 65 60 50 40 30 20 15 10 5 xxx  405
range(10, -1, -1) ,,,,,, [10, 9, 8, 7, 6, 5, 4, 3, 2, 1, 0]
-15 -20 -23 -20 -15 -10 -5 0 0 0 0 xxx  -108
range(10, -1, -1) ,,,,,, [10, 9, 8, 7, 6, 5, 4, 3, 2, 1, 0]
-40 -50 -50 -40 -30 -20 -10 0 0 0 0 xxx  -240
range(10, -1, -1) ,,,,,, [10, 9, 8, 7, 6, 5, 4, 3, 2, 1, 0]
-20 -25 -25 -25 -20 -15 -10 -5 0 0 0 xxx  -145
405 -145 ***
=========== 3
range(11, -1, -1) ,,,,,, [11, 10, 9, 8, 7, 6, 5, 4, 3, 2, 1, 0]
40 50 60 65 60 50 40 30 20 15 10 5 xxx  445
range(11, -1, -1) ,,,,,, [11, 10, 9, 8, 7, 6, 5, 4, 3, 2, 1, 0]
-10 -15 -20 -23 -20 -15 -10 -5 0 0 0 0 xxx  -118
range(11, -1, -1) ,,,,,, [11, 10, 9, 8, 7, 6, 5, 4, 3, 2, 1, 0]
-30 -40 -50 -50 -40 -30 -20 -10 0 0 0 0 xxx  -270
range(11, -1, -1) ,,,,,, [11, 10, 9, 8, 7, 6, 5, 4, 3, 2, 1, 0]
-10 -20 -25 -25 -25 -20 -15 -10 -5 0 0 0 xxx  -155
445 -155 ***
=========== 4
range(12, -1, -1) ,,,,,, [12, 11, 10, 9, 8, 7, 6, 5, 4, 3, 2, 1, 0]
30 40 50 60 65 60 50 40 30 20 15 10 5 xxx  475
range(12, -1, -1) ,,,,,, [12, 11, 10, 9, 8, 7, 6, 5, 4, 3, 2, 1, 0]
-5 -10 -15 -20 -23 -20 -15 -10 -5 0 0 0 0 xxx  -123
range(12, -1, -1) ,,,,,, [12, 11, 10, 9, 8, 7, 6, 5, 4, 3, 2, 1, 0]
-20 -30 -40 -50 -50 -40 -30 -20 -10 0 0 0 0 xxx  -290
range(12, -1, -1) ,,,,,, [12, 11, 10, 9, 8, 7, 6, 5, 4, 3, 2, 1, 0]
-5 -10 -20 -25 -25 -25 -20 -15 -10 -5 0 0 0 xxx  -160
475 -160 ***
=========== 5
range(13, -1, -1) ,,,,,, [13, 12, 11, 10, 9, 8, 7, 6, 5, 4, 3, 2, 1, 0]
20 30 40 50 60 65 60 50 40 30 20 15 10 5 xxx  495
range(13, -1, -1) ,,,,,, [13, 12, 11, 10, 9, 8, 7, 6, 5, 4, 3, 2, 1, 0]
0 -5 -10 -15 -20 -23 -20 -15 -10 -5 0 0 0 0 xxx  -123
range(13, -1, -1) ,,,,,, [13, 12, 11, 10, 9, 8, 7, 6, 5, 4, 3, 2, 1, 0]
-10 -20 -30 -40 -50 -50 -40 -30 -20 -10 0 0 0 0 xxx  -300
range(13, -1, -1) ,,,,,, [13, 12, 11, 10, 9, 8, 7, 6, 5, 4, 3, 2, 1, 0]
0 -5 -10 -20 -25 -25 -25 -20 -15 -10 -5 0 0 0 xxx  -160
495 -160 ***
=========== 6
range(14, -1, -1) ,,,,,, [14, 13, 12, 11, 10, 9, 8, 7, 6, 5, 4, 3, 2, 1, 0]
15 20 30 40 50 60 65 60 50 40 30 20 15 10 5 xxx  510
range(14, -1, -1) ,,,,,, [14, 13, 12, 11, 10, 9, 8, 7, 6, 5, 4, 3, 2, 1, 0]
0 0 -5 -10 -15 -20 -23 -20 -15 -10 -5 0 0 0 0 xxx  -123
range(14, -1, -1) ,,,,,, [14, 13, 12, 11, 10, 9, 8, 7, 6, 5, 4, 3, 2, 1, 0]
0 -10 -20 -30 -40 -50 -50 -40 -30 -20 -10 0 0 0 0 xxx  -300
range(14, -1, -1) ,,,,,, [14, 13, 12, 11, 10, 9, 8, 7, 6, 5, 4, 3, 2, 1, 0]
0 0 -5 -10 -20 -25 -25 -25 -20 -15 -10 -5 0 0 0 xxx  -160
510 -160 ***
=========== 7
range(15, -1, -1) ,,,,,, [15, 14, 13, 12, 11, 10, 9, 8, 7, 6, 5, 4, 3, 2, 1, 0]
10 15 20 30 40 50 60 65 60 50 40 30 20 15 10 5 xxx  520
range(15, -1, -1) ,,,,,, [15, 14, 13, 12, 11, 10, 9, 8, 7, 6, 5, 4, 3, 2, 1, 0]
0 0 0 -5 -10 -15 -20 -23 -20 -15 -10 -5 0 0 0 0 xxx  -123
range(15, -1, -1) ,,,,,, [15, 14, 13, 12, 11, 10, 9, 8, 7, 6, 5, 4, 3, 2, 1, 0]
0 0 -10 -20 -30 -40 -50 -50 -40 -30 -20 -10 0 0 0 0 xxx  -300
range(15, -1, -1) ,,,,,, [15, 14, 13, 12, 11, 10, 9, 8, 7, 6, 5, 4, 3, 2, 1, 0]
0 0 0 -5 -10 -20 -25 -25 -25 -20 -15 -10 -5 0 0 0 xxx  -160
520 -160 ***
=========== 8
range(16, -1, -1) ,,,,,, [16, 15, 14, 13, 12, 11, 10, 9, 8, 7, 6, 5, 4, 3, 2, 1, 0]
5 10 15 20 30 40 50 60 65 60 50 40 30 20 15 10 5 xxx  525
range(16, -1, -1) ,,,,,, [16, 15, 14, 13, 12, 11, 10, 9, 8, 7, 6, 5, 4, 3, 2, 1, 0]
0 0 0 0 -5 -10 -15 -20 -23 -20 -15 -10 -5 0 0 0 0 xxx  -123
range(16, -1, -1) ,,,,,, [16, 15, 14, 13, 12, 11, 10, 9, 8, 7, 6, 5, 4, 3, 2, 1, 0]
0 0 0 -10 -20 -30 -40 -50 -50 -40 -30 -20 -10 0 0 0 0 xxx  -300
range(16, -1, -1) ,,,,,, [16, 15, 14, 13, 12, 11, 10, 9, 8, 7, 6, 5, 4, 3, 2, 1, 0]
0 0 0 0 -5 -10 -20 -25 -25 -25 -20 -15 -10 -5 0 0 0 xxx  -160
525 -160 ***
=========== 9
range(17, 0, -1) ,,,,,, [17, 16, 15, 14, 13, 12, 11, 10, 9, 8, 7, 6, 5, 4, 3, 2, 1]
5 10 15 20 30 40 50 60 65 60 50 40 30 20 15 10 5 xxx  525
range(17, 0, -1) ,,,,,, [17, 16, 15, 14, 13, 12, 11, 10, 9, 8, 7, 6, 5, 4, 3, 2, 1]
0 0 0 0 -5 -10 -15 -20 -23 -20 -15 -10 -5 0 0 0 0 xxx  -123
range(17, 0, -1) ,,,,,, [17, 16, 15, 14, 13, 12, 11, 10, 9, 8, 7, 6, 5, 4, 3, 2, 1]
0 0 0 -10 -20 -30 -40 -50 -50 -40 -30 -20 -10 0 0 0 0 xxx  -300
range(17, 0, -1) ,,,,,, [17, 16, 15, 14, 13, 12, 11, 10, 9, 8, 7, 6, 5, 4, 3, 2, 1]
0 0 0 0 -5 -10 -20 -25 -25 -25 -20 -15 -10 -5 0 0 0 xxx  -160
525 -160 ***
=========== 10
range(18, 1, -1) ,,,,,, [18, 17, 16, 15, 14, 13, 12, 11, 10, 9, 8, 7, 6, 5, 4, 3, 2]
5 10 15 20 30 40 50 60 65 60 50 40 30 20 15 10 5 xxx  525
range(18, 1, -1) ,,,,,, [18, 17, 16, 15, 14, 13, 12, 11, 10, 9, 8, 7, 6, 5, 4, 3, 2]
0 0 0 0 -5 -10 -15 -20 -23 -20 -15 -10 -5 0 0 0 0 xxx  -123
range(18, 1, -1) ,,,,,, [18, 17, 16, 15, 14, 13, 12, 11, 10, 9, 8, 7, 6, 5, 4, 3, 2]
0 0 0 -10 -20 -30 -40 -50 -50 -40 -30 -20 -10 0 0 0 0 xxx  -300
range(18, 1, -1) ,,,,,, [18, 17, 16, 15, 14, 13, 12, 11, 10, 9, 8, 7, 6, 5, 4, 3, 2]
0 0 0 0 -5 -10 -20 -25 -25 -25 -20 -15 -10 -5 0 0 0 xxx  -160
525 -160 ***
=========== 11
range(19, 2, -1) ,,,,,, [19, 18, 17, 16, 15, 14, 13, 12, 11, 10, 9, 8, 7, 6, 5, 4, 3]
5 10 15 20 30 40 50 60 65 60 50 40 30 20 15 10 5 xxx  525
range(19, 2, -1) ,,,,,, [19, 18, 17, 16, 15, 14, 13, 12, 11, 10, 9, 8, 7, 6, 5, 4, 3]
0 0 0 0 -5 -10 -15 -20 -23 -20 -15 -10 -5 0 0 0 0 xxx  -123
range(19, 2, -1) ,,,,,, [19, 18, 17, 16, 15, 14, 13, 12, 11, 10, 9, 8, 7, 6, 5, 4, 3]
0 0 0 -10 -20 -30 -40 -50 -50 -40 -30 -20 -10 0 0 0 0 xxx  -300
range(19, 2, -1) ,,,,,, [19, 18, 17, 16, 15, 14, 13, 12, 11, 10, 9, 8, 7, 6, 5, 4, 3]
0 0 0 0 -5 -10 -20 -25 -25 -25 -20 -15 -10 -5 0 0 0 xxx  -160
525 -160 ***
=========== 12
range(20, 3, -1) ,,,,,, [20, 19, 18, 17, 16, 15, 14, 13, 12, 11, 10, 9, 8, 7, 6, 5, 4]
5 10 15 20 30 40 50 60 65 60 50 40 30 20 15 10 5 xxx  525
range(20, 3, -1) ,,,,,, [20, 19, 18, 17, 16, 15, 14, 13, 12, 11, 10, 9, 8, 7, 6, 5, 4]
0 0 0 0 -5 -10 -15 -20 -23 -20 -15 -10 -5 0 0 0 0 xxx  -123
range(20, 3, -1) ,,,,,, [20, 19, 18, 17, 16, 15, 14, 13, 12, 11, 10, 9, 8, 7, 6, 5, 4]
0 0 0 -10 -20 -30 -40 -50 -50 -40 -30 -20 -10 0 0 0 0 xxx  -300
range(20, 3, -1) ,,,,,, [20, 19, 18, 17, 16, 15, 14, 13, 12, 11, 10, 9, 8, 7, 6, 5, 4]
0 0 0 0 -5 -10 -20 -25 -25 -25 -20 -15 -10 -5 0 0 0 xxx  -160
525 -160 ***
=========== 13
range(21, 4, -1) ,,,,,, [21, 20, 19, 18, 17, 16, 15, 14, 13, 12, 11, 10, 9, 8, 7, 6, 5]
5 10 15 20 30 40 50 60 65 60 50 40 30 20 15 10 5 xxx  525
range(21, 4, -1) ,,,,,, [21, 20, 19, 18, 17, 16, 15, 14, 13, 12, 11, 10, 9, 8, 7, 6, 5]
0 0 0 0 -5 -10 -15 -20 -23 -20 -15 -10 -5 0 0 0 0 xxx  -123
range(21, 4, -1) ,,,,,, [21, 20, 19, 18, 17, 16, 15, 14, 13, 12, 11, 10, 9, 8, 7, 6, 5]
0 0 0 -10 -20 -30 -40 -50 -50 -40 -30 -20 -10 0 0 0 0 xxx  -300
range(21, 4, -1) ,,,,,, [21, 20, 19, 18, 17, 16, 15, 14, 13, 12, 11, 10, 9, 8, 7, 6, 5]
0 0 0 0 -5 -10 -20 -25 -25 -25 -20 -15 -10 -5 0 0 0 xxx  -160
525 -160 ***
=========== 14
range(22, 5, -1) ,,,,,, [22, 21, 20, 19, 18, 17, 16, 15, 14, 13, 12, 11, 10, 9, 8, 7, 6]
5 10 15 20 30 40 50 60 65 60 50 40 30 20 15 10 5 xxx  525
range(22, 5, -1) ,,,,,, [22, 21, 20, 19, 18, 17, 16, 15, 14, 13, 12, 11, 10, 9, 8, 7, 6]
0 0 0 0 -5 -10 -15 -20 -23 -20 -15 -10 -5 0 0 0 0 xxx  -123
range(22, 5, -1) ,,,,,, [22, 21, 20, 19, 18, 17, 16, 15, 14, 13, 12, 11, 10, 9, 8, 7, 6]
0 0 0 -10 -20 -30 -40 -50 -50 -40 -30 -20 -10 0 0 0 0 xxx  -300
range(22, 5, -1) ,,,,,, [22, 21, 20, 19, 18, 17, 16, 15, 14, 13, 12, 11, 10, 9, 8, 7, 6]
0 0 0 0 -5 -10 -20 -25 -25 -25 -20 -15 -10 -5 0 0 0 xxx  -160
525 -160 ***
=========== 15
range(23, 6, -1) ,,,,,, [23, 22, 21, 20, 19, 18, 17, 16, 15, 14, 13, 12, 11, 10, 9, 8, 7]
5 10 15 20 30 40 50 60 65 60 50 40 30 20 15 10 5 xxx  525
range(23, 6, -1) ,,,,,, [23, 22, 21, 20, 19, 18, 17, 16, 15, 14, 13, 12, 11, 10, 9, 8, 7]
0 0 0 0 -5 -10 -15 -20 -23 -20 -15 -10 -5 0 0 0 0 xxx  -123
range(23, 6, -1) ,,,,,, [23, 22, 21, 20, 19, 18, 17, 16, 15, 14, 13, 12, 11, 10, 9, 8, 7]
0 0 0 -10 -20 -30 -40 -50 -50 -40 -30 -20 -10 0 0 0 0 xxx  -300
range(23, 6, -1) ,,,,,, [23, 22, 21, 20, 19, 18, 17, 16, 15, 14, 13, 12, 11, 10, 9, 8, 7]
0 0 0 0 -5 -10 -20 -25 -25 -25 -20 -15 -10 -5 0 0 0 xxx  -160
525 -160 ***
=========== 16
range(24, 7, -1) ,,,,,, [24, 23, 22, 21, 20, 19, 18, 17, 16, 15, 14, 13, 12, 11, 10, 9, 8]
5 10 15 20 30 40 50 60 65 60 50 40 30 20 15 10 5 xxx  525
range(24, 7, -1) ,,,,,, [24, 23, 22, 21, 20, 19, 18, 17, 16, 15, 14, 13, 12, 11, 10, 9, 8]
0 0 0 0 -5 -10 -15 -20 -23 -20 -15 -10 -5 0 0 0 0 xxx  -123
range(24, 7, -1) ,,,,,, [24, 23, 22, 21, 20, 19, 18, 17, 16, 15, 14, 13, 12, 11, 10, 9, 8]
0 0 0 -10 -20 -30 -40 -50 -50 -40 -30 -20 -10 0 0 0 0 xxx  -300
range(24, 7, -1) ,,,,,, [24, 23, 22, 21, 20, 19, 18, 17, 16, 15, 14, 13, 12, 11, 10, 9, 8]
0 0 0 0 -5 -10 -20 -25 -25 -25 -20 -15 -10 -5 0 0 0 xxx  -160
525 -160 ***
=========== 17
range(25, 8, -1) ,,,,,, [25, 24, 23, 22, 21, 20, 19, 18, 17, 16, 15, 14, 13, 12, 11, 10, 9]
5 10 15 20 30 40 50 60 65 60 50 40 30 20 15 10 5 xxx  525
range(25, 8, -1) ,,,,,, [25, 24, 23, 22, 21, 20, 19, 18, 17, 16, 15, 14, 13, 12, 11, 10, 9]
0 0 0 0 -5 -10 -15 -20 -23 -20 -15 -10 -5 0 0 0 0 xxx  -123
range(25, 8, -1) ,,,,,, [25, 24, 23, 22, 21, 20, 19, 18, 17, 16, 15, 14, 13, 12, 11, 10, 9]
0 0 0 -10 -20 -30 -40 -50 -50 -40 -30 -20 -10 0 0 0 0 xxx  -300
range(25, 8, -1) ,,,,,, [25, 24, 23, 22, 21, 20, 19, 18, 17, 16, 15, 14, 13, 12, 11, 10, 9]
0 0 0 0 -5 -10 -20 -25 -25 -25 -20 -15 -10 -5 0 0 0 xxx  -160
525 -160 ***
=========== 18
range(26, 9, -1) ,,,,,, [26, 25, 24, 23, 22, 21, 20, 19, 18, 17, 16, 15, 14, 13, 12, 11, 10]
5 10 15 20 30 40 50 60 65 60 50 40 30 20 15 10 5 xxx  525
range(26, 9, -1) ,,,,,, [26, 25, 24, 23, 22, 21, 20, 19, 18, 17, 16, 15, 14, 13, 12, 11, 10]
0 0 0 0 -5 -10 -15 -20 -23 -20 -15 -10 -5 0 0 0 0 xxx  -123
range(26, 9, -1) ,,,,,, [26, 25, 24, 23, 22, 21, 20, 19, 18, 17, 16, 15, 14, 13, 12, 11, 10]
0 0 0 -10 -20 -30 -40 -50 -50 -40 -30 -20 -10 0 0 0 0 xxx  -300
range(26, 9, -1) ,,,,,, [26, 25, 24, 23, 22, 21, 20, 19, 18, 17, 16, 15, 14, 13, 12, 11, 10]
0 0 0 0 -5 -10 -20 -25 -25 -25 -20 -15 -10 -5 0 0 0 xxx  -160
525 -160 ***
=========== 19
range(27, 10, -1) ,,,,,, [27, 26, 25, 24, 23, 22, 21, 20, 19, 18, 17, 16, 15, 14, 13, 12, 11]
5 10 15 20 30 40 50 60 65 60 50 40 30 20 15 10 5 xxx  525
range(27, 10, -1) ,,,,,, [27, 26, 25, 24, 23, 22, 21, 20, 19, 18, 17, 16, 15, 14, 13, 12, 11]
0 0 0 0 -5 -10 -15 -20 -23 -20 -15 -10 -5 0 0 0 0 xxx  -123
range(27, 10, -1) ,,,,,, [27, 26, 25, 24, 23, 22, 21, 20, 19, 18, 17, 16, 15, 14, 13, 12, 11]
0 0 0 -10 -20 -30 -40 -50 -50 -40 -30 -20 -10 0 0 0 0 xxx  -300
range(27, 10, -1) ,,,,,, [27, 26, 25, 24, 23, 22, 21, 20, 19, 18, 17, 16, 15, 14, 13, 12, 11]
0 0 0 0 -5 -10 -20 -25 -25 -25 -20 -15 -10 -5 0 0 0 xxx  -160
525 -160 ***
=========== 20
range(28, 11, -1) ,,,,,, [28, 27, 26, 25, 24, 23, 22, 21, 20, 19, 18, 17, 16, 15, 14, 13, 12]
5 10 15 20 30 40 50 60 65 60 50 40 30 20 15 10 5 xxx  525
range(28, 11, -1) ,,,,,, [28, 27, 26, 25, 24, 23, 22, 21, 20, 19, 18, 17, 16, 15, 14, 13, 12]
0 0 0 0 -5 -10 -15 -20 -23 -20 -15 -10 -5 0 0 0 0 xxx  -123
range(28, 11, -1) ,,,,,, [28, 27, 26, 25, 24, 23, 22, 21, 20, 19, 18, 17, 16, 15, 14, 13, 12]
0 0 0 -10 -20 -30 -40 -50 -50 -40 -30 -20 -10 0 0 0 0 xxx  -300
range(28, 11, -1) ,,,,,, [28, 27, 26, 25, 24, 23, 22, 21, 20, 19, 18, 17, 16, 15, 14, 13, 12]
0 0 0 0 -5 -10 -20 -25 -25 -25 -20 -15 -10 -5 0 0 0 xxx  -160
525 -160 ***
=========== 21
range(29, 12, -1) ,,,,,, [29, 28, 27, 26, 25, 24, 23, 22, 21, 20, 19, 18, 17, 16, 15, 14, 13]
5 10 15 20 30 40 50 60 65 60 50 40 30 20 15 10 5 xxx  525
range(29, 12, -1) ,,,,,, [29, 28, 27, 26, 25, 24, 23, 22, 21, 20, 19, 18, 17, 16, 15, 14, 13]
0 0 0 0 -5 -10 -15 -20 -23 -20 -15 -10 -5 0 0 0 0 xxx  -123
range(29, 12, -1) ,,,,,, [29, 28, 27, 26, 25, 24, 23, 22, 21, 20, 19, 18, 17, 16, 15, 14, 13]
0 0 0 -10 -20 -30 -40 -50 -50 -40 -30 -20 -10 0 0 0 0 xxx  -300
range(29, 12, -1) ,,,,,, [29, 28, 27, 26, 25, 24, 23, 22, 21, 20, 19, 18, 17, 16, 15, 14, 13]
0 0 0 0 -5 -10 -20 -25 -25 -25 -20 -15 -10 -5 0 0 0 xxx  -160
525 -160 ***
=========== 22
range(30, 13, -1) ,,,,,, [30, 29, 28, 27, 26, 25, 24, 23, 22, 21, 20, 19, 18, 17, 16, 15, 14]
5 10 15 20 30 40 50 60 65 60 50 40 30 20 15 10 5 xxx  525
range(30, 13, -1) ,,,,,, [30, 29, 28, 27, 26, 25, 24, 23, 22, 21, 20, 19, 18, 17, 16, 15, 14]
0 0 0 0 -5 -10 -15 -20 -23 -20 -15 -10 -5 0 0 0 0 xxx  -123
range(30, 13, -1) ,,,,,, [30, 29, 28, 27, 26, 25, 24, 23, 22, 21, 20, 19, 18, 17, 16, 15, 14]
0 0 0 -10 -20 -30 -40 -50 -50 -40 -30 -20 -10 0 0 0 0 xxx  -300
range(30, 13, -1) ,,,,,, [30, 29, 28, 27, 26, 25, 24, 23, 22, 21, 20, 19, 18, 17, 16, 15, 14]
0 0 0 0 -5 -10 -20 -25 -25 -25 -20 -15 -10 -5 0 0 0 xxx  -160
525 -160 ***
=========== 23
range(31, 14, -1) ,,,,,, [31, 30, 29, 28, 27, 26, 25, 24, 23, 22, 21, 20, 19, 18, 17, 16, 15]
5 10 15 20 30 40 50 60 65 60 50 40 30 20 15 10 5 xxx  525
range(31, 14, -1) ,,,,,, [31, 30, 29, 28, 27, 26, 25, 24, 23, 22, 21, 20, 19, 18, 17, 16, 15]
0 0 0 0 -5 -10 -15 -20 -23 -20 -15 -10 -5 0 0 0 0 xxx  -123
range(31, 14, -1) ,,,,,, [31, 30, 29, 28, 27, 26, 25, 24, 23, 22, 21, 20, 19, 18, 17, 16, 15]
0 0 0 -10 -20 -30 -40 -50 -50 -40 -30 -20 -10 0 0 0 0 xxx  -300
range(31, 14, -1) ,,,,,, [31, 30, 29, 28, 27, 26, 25, 24, 23, 22, 21, 20, 19, 18, 17, 16, 15]
0 0 0 0 -5 -10 -20 -25 -25 -25 -20 -15 -10 -5 0 0 0 xxx  -160
525 -160 ***
=========== 24
range(32, 15, -1) ,,,,,, [32, 31, 30, 29, 28, 27, 26, 25, 24, 23, 22, 21, 20, 19, 18, 17, 16]
5 10 15 20 30 40 50 60 65 60 50 40 30 20 15 10 5 xxx  525
range(32, 15, -1) ,,,,,, [32, 31, 30, 29, 28, 27, 26, 25, 24, 23, 22, 21, 20, 19, 18, 17, 16]
0 0 0 0 -5 -10 -15 -20 -23 -20 -15 -10 -5 0 0 0 0 xxx  -123
range(32, 15, -1) ,,,,,, [32, 31, 30, 29, 28, 27, 26, 25, 24, 23, 22, 21, 20, 19, 18, 17, 16]
0 0 0 -10 -20 -30 -40 -50 -50 -40 -30 -20 -10 0 0 0 0 xxx  -300
range(32, 15, -1) ,,,,,, [32, 31, 30, 29, 28, 27, 26, 25, 24, 23, 22, 21, 20, 19, 18, 17, 16]
0 0 0 0 -5 -10 -20 -25 -25 -25 -20 -15 -10 -5 0 0 0 xxx  -160
525 -160 ***
=========== 25
range(33, 16, -1) ,,,,,, [33, 32, 31, 30, 29, 28, 27, 26, 25, 24, 23, 22, 21, 20, 19, 18, 17]
5 10 15 20 30 40 50 60 65 60 50 40 30 20 15 10 5 xxx  525
range(33, 16, -1) ,,,,,, [33, 32, 31, 30, 29, 28, 27, 26, 25, 24, 23, 22, 21, 20, 19, 18, 17]
0 0 0 0 -5 -10 -15 -20 -23 -20 -15 -10 -5 0 0 0 0 xxx  -123
range(33, 16, -1) ,,,,,, [33, 32, 31, 30, 29, 28, 27, 26, 25, 24, 23, 22, 21, 20, 19, 18, 17]
0 0 0 -10 -20 -30 -40 -50 -50 -40 -30 -20 -10 0 0 0 0 xxx  -300
range(33, 16, -1) ,,,,,, [33, 32, 31, 30, 29, 28, 27, 26, 25, 24, 23, 22, 21, 20, 19, 18, 17]
0 0 0 0 -5 -10 -20 -25 -25 -25 -20 -15 -10 -5 0 0 0 xxx  -160
525 -160 ***
=========== 26
range(34, 17, -1) ,,,,,, [34, 33, 32, 31, 30, 29, 28, 27, 26, 25, 24, 23, 22, 21, 20, 19, 18]
5 10 15 20 30 40 50 60 65 60 50 40 30 20 15 10 5 xxx  525
range(34, 17, -1) ,,,,,, [34, 33, 32, 31, 30, 29, 28, 27, 26, 25, 24, 23, 22, 21, 20, 19, 18]
0 0 0 0 -5 -10 -15 -20 -23 -20 -15 -10 -5 0 0 0 0 xxx  -123
range(34, 17, -1) ,,,,,, [34, 33, 32, 31, 30, 29, 28, 27, 26, 25, 24, 23, 22, 21, 20, 19, 18]
0 0 0 -10 -20 -30 -40 -50 -50 -40 -30 -20 -10 0 0 0 0 xxx  -300
range(34, 17, -1) ,,,,,, [34, 33, 32, 31, 30, 29, 28, 27, 26, 25, 24, 23, 22, 21, 20, 19, 18]
0 0 0 0 -5 -10 -20 -25 -25 -25 -20 -15 -10 -5 0 0 0 xxx  -160
525 -160 ***
=========== 27
range(35, 18, -1) ,,,,,, [35, 34, 33, 32, 31, 30, 29, 28, 27, 26, 25, 24, 23, 22, 21, 20, 19]
5 10 15 20 30 40 50 60 65 60 50 40 30 20 15 10 5 xxx  525
range(35, 18, -1) ,,,,,, [35, 34, 33, 32, 31, 30, 29, 28, 27, 26, 25, 24, 23, 22, 21, 20, 19]
0 0 0 0 -5 -10 -15 -20 -23 -20 -15 -10 -5 0 0 0 0 xxx  -123
range(35, 18, -1) ,,,,,, [35, 34, 33, 32, 31, 30, 29, 28, 27, 26, 25, 24, 23, 22, 21, 20, 19]
0 0 0 -10 -20 -30 -40 -50 -50 -40 -30 -20 -10 0 0 0 0 xxx  -300
range(35, 18, -1) ,,,,,, [35, 34, 33, 32, 31, 30, 29, 28, 27, 26, 25, 24, 23, 22, 21, 20, 19]
0 0 0 0 -5 -10 -20 -25 -25 -25 -20 -15 -10 -5 0 0 0 xxx  -160
525 -160 ***
=========== 28
range(36, 19, -1) ,,,,,, [36, 35, 34, 33, 32, 31, 30, 29, 28, 27, 26, 25, 24, 23, 22, 21, 20]
5 10 15 20 30 40 50 60 65 60 50 40 30 20 15 10 5 xxx  525
range(36, 19, -1) ,,,,,, [36, 35, 34, 33, 32, 31, 30, 29, 28, 27, 26, 25, 24, 23, 22, 21, 20]
0 0 0 0 -5 -10 -15 -20 -23 -20 -15 -10 -5 0 0 0 0 xxx  -123
range(36, 19, -1) ,,,,,, [36, 35, 34, 33, 32, 31, 30, 29, 28, 27, 26, 25, 24, 23, 22, 21, 20]
0 0 0 -10 -20 -30 -40 -50 -50 -40 -30 -20 -10 0 0 0 0 xxx  -300
range(36, 19, -1) ,,,,,, [36, 35, 34, 33, 32, 31, 30, 29, 28, 27, 26, 25, 24, 23, 22, 21, 20]
0 0 0 0 -5 -10 -20 -25 -25 -25 -20 -15 -10 -5 0 0 0 xxx  -160
525 -160 ***
=========== 29
range(37, 20, -1) ,,,,,, [37, 36, 35, 34, 33, 32, 31, 30, 29, 28, 27, 26, 25, 24, 23, 22, 21]
5 10 15 20 30 40 50 60 65 60 50 40 30 20 15 10 5 xxx  525
range(37, 20, -1) ,,,,,, [37, 36, 35, 34, 33, 32, 31, 30, 29, 28, 27, 26, 25, 24, 23, 22, 21]
0 0 0 0 -5 -10 -15 -20 -23 -20 -15 -10 -5 0 0 0 0 xxx  -123
range(37, 20, -1) ,,,,,, [37, 36, 35, 34, 33, 32, 31, 30, 29, 28, 27, 26, 25, 24, 23, 22, 21]
0 0 0 -10 -20 -30 -40 -50 -50 -40 -30 -20 -10 0 0 0 0 xxx  -300
range(37, 20, -1) ,,,,,, [37, 36, 35, 34, 33, 32, 31, 30, 29, 28, 27, 26, 25, 24, 23, 22, 21]
0 0 0 0 -5 -10 -20 -25 -25 -25 -20 -15 -10 -5 0 0 0 xxx  -160
525 -160 ***
=========== 30
range(38, 21, -1) ,,,,,, [38, 37, 36, 35, 34, 33, 32, 31, 30, 29, 28, 27, 26, 25, 24, 23, 22]
5 10 15 20 30 40 50 60 65 60 50 40 30 20 15 10 5 xxx  525
range(38, 21, -1) ,,,,,, [38, 37, 36, 35, 34, 33, 32, 31, 30, 29, 28, 27, 26, 25, 24, 23, 22]
0 0 0 0 -5 -10 -15 -20 -23 -20 -15 -10 -5 0 0 0 0 xxx  -123
range(38, 21, -1) ,,,,,, [38, 37, 36, 35, 34, 33, 32, 31, 30, 29, 28, 27, 26, 25, 24, 23, 22]
0 0 0 -10 -20 -30 -40 -50 -50 -40 -30 -20 -10 0 0 0 0 xxx  -300
range(38, 21, -1) ,,,,,, [38, 37, 36, 35, 34, 33, 32, 31, 30, 29, 28, 27, 26, 25, 24, 23, 22]
0 0 0 0 -5 -10 -20 -25 -25 -25 -20 -15 -10 -5 0 0 0 xxx  -160
525 -160 ***
=========== 31
range(39, 22, -1) ,,,,,, [39, 38, 37, 36, 35, 34, 33, 32, 31, 30, 29, 28, 27, 26, 25, 24, 23]
5 10 15 20 30 40 50 60 65 60 50 40 30 20 15 10 5 xxx  525
range(39, 22, -1) ,,,,,, [39, 38, 37, 36, 35, 34, 33, 32, 31, 30, 29, 28, 27, 26, 25, 24, 23]
0 0 0 0 -5 -10 -15 -20 -23 -20 -15 -10 -5 0 0 0 0 xxx  -123
range(39, 22, -1) ,,,,,, [39, 38, 37, 36, 35, 34, 33, 32, 31, 30, 29, 28, 27, 26, 25, 24, 23]
0 0 0 -10 -20 -30 -40 -50 -50 -40 -30 -20 -10 0 0 0 0 xxx  -300
range(39, 22, -1) ,,,,,, [39, 38, 37, 36, 35, 34, 33, 32, 31, 30, 29, 28, 27, 26, 25, 24, 23]
0 0 0 0 -5 -10 -20 -25 -25 -25 -20 -15 -10 -5 0 0 0 xxx  -160
525 -160 ***
=========== 32
range(40, 23, -1) ,,,,,, [40, 39, 38, 37, 36, 35, 34, 33, 32, 31, 30, 29, 28, 27, 26, 25, 24]
5 10 15 20 30 40 50 60 65 60 50 40 30 20 15 10 5 xxx  525
range(40, 23, -1) ,,,,,, [40, 39, 38, 37, 36, 35, 34, 33, 32, 31, 30, 29, 28, 27, 26, 25, 24]
0 0 0 0 -5 -10 -15 -20 -23 -20 -15 -10 -5 0 0 0 0 xxx  -123
range(40, 23, -1) ,,,,,, [40, 39, 38, 37, 36, 35, 34, 33, 32, 31, 30, 29, 28, 27, 26, 25, 24]
0 0 0 -10 -20 -30 -40 -50 -50 -40 -30 -20 -10 0 0 0 0 xxx  -300
range(40, 23, -1) ,,,,,, [40, 39, 38, 37, 36, 35, 34, 33, 32, 31, 30, 29, 28, 27, 26, 25, 24]
0 0 0 0 -5 -10 -20 -25 -25 -25 -20 -15 -10 -5 0 0 0 xxx  -160
525 -160 ***
=========== 33
range(41, 24, -1) ,,,,,, [41, 40, 39, 38, 37, 36, 35, 34, 33, 32, 31, 30, 29, 28, 27, 26, 25]
5 10 15 20 30 40 50 60 65 60 50 40 30 20 15 10 5 xxx  525
range(41, 24, -1) ,,,,,, [41, 40, 39, 38, 37, 36, 35, 34, 33, 32, 31, 30, 29, 28, 27, 26, 25]
0 0 0 0 -5 -10 -15 -20 -23 -20 -15 -10 -5 0 0 0 0 xxx  -123
range(41, 24, -1) ,,,,,, [41, 40, 39, 38, 37, 36, 35, 34, 33, 32, 31, 30, 29, 28, 27, 26, 25]
0 0 0 -10 -20 -30 -40 -50 -50 -40 -30 -20 -10 0 0 0 0 xxx  -300
range(41, 24, -1) ,,,,,, [41, 40, 39, 38, 37, 36, 35, 34, 33, 32, 31, 30, 29, 28, 27, 26, 25]
0 0 0 0 -5 -10 -20 -25 -25 -25 -20 -15 -10 -5 0 0 0 xxx  -160
525 -160 ***
=========== 34
range(42, 25, -1) ,,,,,, [42, 41, 40, 39, 38, 37, 36, 35, 34, 33, 32, 31, 30, 29, 28, 27, 26]
5 10 15 20 30 40 50 60 65 60 50 40 30 20 15 10 5 xxx  525
range(42, 25, -1) ,,,,,, [42, 41, 40, 39, 38, 37, 36, 35, 34, 33, 32, 31, 30, 29, 28, 27, 26]
0 0 0 0 -5 -10 -15 -20 -23 -20 -15 -10 -5 0 0 0 0 xxx  -123
range(42, 25, -1) ,,,,,, [42, 41, 40, 39, 38, 37, 36, 35, 34, 33, 32, 31, 30, 29, 28, 27, 26]
0 0 0 -10 -20 -30 -40 -50 -50 -40 -30 -20 -10 0 0 0 0 xxx  -300
range(42, 25, -1) ,,,,,, [42, 41, 40, 39, 38, 37, 36, 35, 34, 33, 32, 31, 30, 29, 28, 27, 26]
0 0 0 0 -5 -10 -20 -25 -25 -25 -20 -15 -10 -5 0 0 0 xxx  -160
525 -160 ***
=========== 35
range(43, 26, -1) ,,,,,, [43, 42, 41, 40, 39, 38, 37, 36, 35, 34, 33, 32, 31, 30, 29, 28, 27]
5 10 15 20 30 40 50 60 65 60 50 40 30 20 15 10 5 xxx  525
range(43, 26, -1) ,,,,,, [43, 42, 41, 40, 39, 38, 37, 36, 35, 34, 33, 32, 31, 30, 29, 28, 27]
0 0 0 0 -5 -10 -15 -20 -23 -20 -15 -10 -5 0 0 0 0 xxx  -123
range(43, 26, -1) ,,,,,, [43, 42, 41, 40, 39, 38, 37, 36, 35, 34, 33, 32, 31, 30, 29, 28, 27]
0 0 0 -10 -20 -30 -40 -50 -50 -40 -30 -20 -10 0 0 0 0 xxx  -300
range(43, 26, -1) ,,,,,, [43, 42, 41, 40, 39, 38, 37, 36, 35, 34, 33, 32, 31, 30, 29, 28, 27]
0 0 0 0 -5 -10 -20 -25 -25 -25 -20 -15 -10 -5 0 0 0 xxx  -160
525 -160 ***
=========== 36
range(44, 27, -1) ,,,,,, [44, 43, 42, 41, 40, 39, 38, 37, 36, 35, 34, 33, 32, 31, 30, 29, 28]
5 10 15 20 30 40 50 60 65 60 50 40 30 20 15 10 5 xxx  525
range(44, 27, -1) ,,,,,, [44, 43, 42, 41, 40, 39, 38, 37, 36, 35, 34, 33, 32, 31, 30, 29, 28]
0 0 0 0 -5 -10 -15 -20 -23 -20 -15 -10 -5 0 0 0 0 xxx  -123
range(44, 27, -1) ,,,,,, [44, 43, 42, 41, 40, 39, 38, 37, 36, 35, 34, 33, 32, 31, 30, 29, 28]
0 0 0 -10 -20 -30 -40 -50 -50 -40 -30 -20 -10 0 0 0 0 xxx  -300
range(44, 27, -1) ,,,,,, [44, 43, 42, 41, 40, 39, 38, 37, 36, 35, 34, 33, 32, 31, 30, 29, 28]
0 0 0 0 -5 -10 -20 -25 -25 -25 -20 -15 -10 -5 0 0 0 xxx  -160
525 -160 ***
=========== 37
range(45, 28, -1) ,,,,,, [45, 44, 43, 42, 41, 40, 39, 38, 37, 36, 35, 34, 33, 32, 31, 30, 29]
5 10 15 20 30 40 50 60 65 60 50 40 30 20 15 10 5 xxx  525
range(45, 28, -1) ,,,,,, [45, 44, 43, 42, 41, 40, 39, 38, 37, 36, 35, 34, 33, 32, 31, 30, 29]
0 0 0 0 -5 -10 -15 -20 -23 -20 -15 -10 -5 0 0 0 0 xxx  -123
range(45, 28, -1) ,,,,,, [45, 44, 43, 42, 41, 40, 39, 38, 37, 36, 35, 34, 33, 32, 31, 30, 29]
0 0 0 -10 -20 -30 -40 -50 -50 -40 -30 -20 -10 0 0 0 0 xxx  -300
range(45, 28, -1) ,,,,,, [45, 44, 43, 42, 41, 40, 39, 38, 37, 36, 35, 34, 33, 32, 31, 30, 29]
0 0 0 0 -5 -10 -20 -25 -25 -25 -20 -15 -10 -5 0 0 0 xxx  -160
525 -160 ***
=========== 38
range(46, 29, -1) ,,,,,, [46, 45, 44, 43, 42, 41, 40, 39, 38, 37, 36, 35, 34, 33, 32, 31, 30]
5 10 15 20 30 40 50 60 65 60 50 40 30 20 15 10 5 xxx  525
range(46, 29, -1) ,,,,,, [46, 45, 44, 43, 42, 41, 40, 39, 38, 37, 36, 35, 34, 33, 32, 31, 30]
0 0 0 0 -5 -10 -15 -20 -23 -20 -15 -10 -5 0 0 0 0 xxx  -123
range(46, 29, -1) ,,,,,, [46, 45, 44, 43, 42, 41, 40, 39, 38, 37, 36, 35, 34, 33, 32, 31, 30]
0 0 0 -10 -20 -30 -40 -50 -50 -40 -30 -20 -10 0 0 0 0 xxx  -300
range(46, 29, -1) ,,,,,, [46, 45, 44, 43, 42, 41, 40, 39, 38, 37, 36, 35, 34, 33, 32, 31, 30]
0 0 0 0 -5 -10 -20 -25 -25 -25 -20 -15 -10 -5 0 0 0 xxx  -160
525 -160 ***
=========== 39
range(47, 30, -1) ,,,,,, [47, 46, 45, 44, 43, 42, 41, 40, 39, 38, 37, 36, 35, 34, 33, 32, 31]
5 10 15 20 30 40 50 60 65 60 50 40 30 20 15 10 5 xxx  525
range(47, 30, -1) ,,,,,, [47, 46, 45, 44, 43, 42, 41, 40, 39, 38, 37, 36, 35, 34, 33, 32, 31]
0 0 0 0 -5 -10 -15 -20 -23 -20 -15 -10 -5 0 0 0 0 xxx  -123
range(47, 30, -1) ,,,,,, [47, 46, 45, 44, 43, 42, 41, 40, 39, 38, 37, 36, 35, 34, 33, 32, 31]
0 0 0 -10 -20 -30 -40 -50 -50 -40 -30 -20 -10 0 0 0 0 xxx  -300
range(47, 30, -1) ,,,,,, [47, 46, 45, 44, 43, 42, 41, 40, 39, 38, 37, 36, 35, 34, 33, 32, 31]
0 0 0 0 -5 -10 -20 -25 -25 -25 -20 -15 -10 -5 0 0 0 xxx  -160
525 -160 ***
=========== 40
range(48, 31, -1) ,,,,,, [48, 47, 46, 45, 44, 43, 42, 41, 40, 39, 38, 37, 36, 35, 34, 33, 32]
5 10 15 20 30 40 50 60 65 60 50 40 30 20 15 10 5 xxx  525
range(48, 31, -1) ,,,,,, [48, 47, 46, 45, 44, 43, 42, 41, 40, 39, 38, 37, 36, 35, 34, 33, 32]
0 0 0 0 -5 -10 -15 -20 -23 -20 -15 -10 -5 0 0 0 0 xxx  -123
range(48, 31, -1) ,,,,,, [48, 47, 46, 45, 44, 43, 42, 41, 40, 39, 38, 37, 36, 35, 34, 33, 32]
0 0 0 -10 -20 -30 -40 -50 -50 -40 -30 -20 -10 0 0 0 0 xxx  -300
range(48, 31, -1) ,,,,,, [48, 47, 46, 45, 44, 43, 42, 41, 40, 39, 38, 37, 36, 35, 34, 33, 32]
0 0 0 0 -5 -10 -20 -25 -25 -25 -20 -15 -10 -5 0 0 0 xxx  -160
525 -160 ***
=========== 41
range(49, 32, -1) ,,,,,, [49, 48, 47, 46, 45, 44, 43, 42, 41, 40, 39, 38, 37, 36, 35, 34, 33]
5 10 15 20 30 40 50 60 65 60 50 40 30 20 15 10 5 xxx  525
range(49, 32, -1) ,,,,,, [49, 48, 47, 46, 45, 44, 43, 42, 41, 40, 39, 38, 37, 36, 35, 34, 33]
0 0 0 0 -5 -10 -15 -20 -23 -20 -15 -10 -5 0 0 0 0 xxx  -123
range(49, 32, -1) ,,,,,, [49, 48, 47, 46, 45, 44, 43, 42, 41, 40, 39, 38, 37, 36, 35, 34, 33]
0 0 0 -10 -20 -30 -40 -50 -50 -40 -30 -20 -10 0 0 0 0 xxx  -300
range(49, 32, -1) ,,,,,, [49, 48, 47, 46, 45, 44, 43, 42, 41, 40, 39, 38, 37, 36, 35, 34, 33]
0 0 0 0 -5 -10 -20 -25 -25 -25 -20 -15 -10 -5 0 0 0 xxx  -160
525 -160 ***
=========== 42
range(50, 33, -1) ,,,,,, [50, 49, 48, 47, 46, 45, 44, 43, 42, 41, 40, 39, 38, 37, 36, 35, 34]
0 10 15 20 30 40 50 60 65 60 50 40 30 20 15 10 5 xxx  520
range(50, 33, -1) ,,,,,, [50, 49, 48, 47, 46, 45, 44, 43, 42, 41, 40, 39, 38, 37, 36, 35, 34]
-10 0 0 0 -5 -10 -15 -20 -23 -20 -15 -10 -5 0 0 0 0 xxx  -133
range(50, 33, -1) ,,,,,, [50, 49, 48, 47, 46, 45, 44, 43, 42, 41, 40, 39, 38, 37, 36, 35, 34]
0 0 0 -10 -20 -30 -40 -50 -50 -40 -30 -20 -10 0 0 0 0 xxx  -300
range(50, 33, -1) ,,,,,, [50, 49, 48, 47, 46, 45, 44, 43, 42, 41, 40, 39, 38, 37, 36, 35, 34]
0 0 0 0 -5 -10 -20 -25 -25 -25 -20 -15 -10 -5 0 0 0 xxx  -160
520 -160 ***
=========== 43
range(51, 34, -1) ,,,,,, [51, 50, 49, 48, 47, 46, 45, 44, 43, 42, 41, 40, 39, 38, 37, 36, 35]
5 0 15 20 30 40 50 60 65 60 50 40 30 20 15 10 5 xxx  515
range(51, 34, -1) ,,,,,, [51, 50, 49, 48, 47, 46, 45, 44, 43, 42, 41, 40, 39, 38, 37, 36, 35]
0 -15 0 0 -5 -10 -15 -20 -23 -20 -15 -10 -5 0 0 0 0 xxx  -138
range(51, 34, -1) ,,,,,, [51, 50, 49, 48, 47, 46, 45, 44, 43, 42, 41, 40, 39, 38, 37, 36, 35]
0 -5 0 -10 -20 -30 -40 -50 -50 -40 -30 -20 -10 0 0 0 0 xxx  -305
range(51, 34, -1) ,,,,,, [51, 50, 49, 48, 47, 46, 45, 44, 43, 42, 41, 40, 39, 38, 37, 36, 35]
0 0 0 0 -5 -10 -20 -25 -25 -25 -20 -15 -10 -5 0 0 0 xxx  -160
515 -160 ***
=========== 44
range(52, 35, -1) ,,,,,, [52, 51, 50, 49, 48, 47, 46, 45, 44, 43, 42, 41, 40, 39, 38, 37, 36]
0 10 0 20 30 40 50 60 65 60 50 40 30 20 15 10 5 xxx  505
range(52, 35, -1) ,,,,,, [52, 51, 50, 49, 48, 47, 46, 45, 44, 43, 42, 41, 40, 39, 38, 37, 36]
0 -10 -20 0 -5 -10 -15 -20 -23 -20 -15 -10 -5 0 0 0 0 xxx  -153
range(52, 35, -1) ,,,,,, [52, 51, 50, 49, 48, 47, 46, 45, 44, 43, 42, 41, 40, 39, 38, 37, 36]
0 0 -10 -10 -20 -30 -40 -50 -50 -40 -30 -20 -10 0 0 0 0 xxx  -310
range(52, 35, -1) ,,,,,, [52, 51, 50, 49, 48, 47, 46, 45, 44, 43, 42, 41, 40, 39, 38, 37, 36]
0 0 10 0 -5 -10 -20 -25 -25 -25 -20 -15 -10 -5 0 0 0 xxx  -150
505 -150 ***
=========== 45
range(53, 36, -1) ,,,,,, [53, 52, 51, 50, 49, 48, 47, 46, 45, 44, 43, 42, 41, 40, 39, 38, 37]
0 0 15 0 30 40 50 60 65 60 50 40 30 20 15 10 5 xxx  490
range(53, 36, -1) ,,,,,, [53, 52, 51, 50, 49, 48, 47, 46, 45, 44, 43, 42, 41, 40, 39, 38, 37]
0 0 -20 -25 -5 -10 -15 -20 -23 -20 -15 -10 -5 0 0 0 0 xxx  -168
range(53, 36, -1) ,,,,,, [53, 52, 51, 50, 49, 48, 47, 46, 45, 44, 43, 42, 41, 40, 39, 38, 37]
0 0 0 -15 -20 -30 -40 -50 -50 -40 -30 -20 -10 0 0 0 0 xxx  -305
range(53, 36, -1) ,,,,,, [53, 52, 51, 50, 49, 48, 47, 46, 45, 44, 43, 42, 41, 40, 39, 38, 37]
0 0 0 20 -5 -10 -20 -25 -25 -25 -20 -15 -10 -5 0 0 0 xxx  -140
490 -140 ***
=========== 46
range(54, 37, -1) ,,,,,, [54, 53, 52, 51, 50, 49, 48, 47, 46, 45, 44, 43, 42, 41, 40, 39, 38]
0 -5 0 20 10 40 50 60 65 60 50 40 30 20 15 10 5 xxx  470
range(54, 37, -1) ,,,,,, [54, 53, 52, 51, 50, 49, 48, 47, 46, 45, 44, 43, 42, 41, 40, 39, 38]
0 5 0 -10 -30 -10 -15 -20 -23 -20 -15 -10 -5 0 0 0 0 xxx  -153
range(54, 37, -1) ,,,,,, [54, 53, 52, 51, 50, 49, 48, 47, 46, 45, 44, 43, 42, 41, 40, 39, 38]
0 0 0 0 -20 -30 -40 -50 -50 -40 -30 -20 -10 0 0 0 0 xxx  -290
range(54, 37, -1) ,,,,,, [54, 53, 52, 51, 50, 49, 48, 47, 46, 45, 44, 43, 42, 41, 40, 39, 38]
0 0 0 0 40 -10 -20 -25 -25 -25 -20 -15 -10 -5 0 0 0 xxx  -115
470 -115 ***
=========== 47
range(55, 38, -1) ,,,,,, [55, 54, 53, 52, 51, 50, 49, 48, 47, 46, 45, 44, 43, 42, 41, 40, 39]
0 0 -10 0 25 20 50 60 65 60 50 40 30 20 15 10 5 xxx  440
range(55, 38, -1) ,,,,,, [55, 54, 53, 52, 51, 50, 49, 48, 47, 46, 45, 44, 43, 42, 41, 40, 39]
0 0 10 0 0 -35 -15 -20 -23 -20 -15 -10 -5 0 0 0 0 xxx  -133
range(55, 38, -1) ,,,,,, [55, 54, 53, 52, 51, 50, 49, 48, 47, 46, 45, 44, 43, 42, 41, 40, 39]
0 0 0 0 0 -30 -40 -50 -50 -40 -30 -20 -10 0 0 0 0 xxx  -270
range(55, 38, -1) ,,,,,, [55, 54, 53, 52, 51, 50, 49, 48, 47, 46, 45, 44, 43, 42, 41, 40, 39]
0 0 0 0 0 20 -20 -25 -25 -25 -20 -15 -10 -5 0 0 0 xxx  -125
440 -125 ***
=========== 48
range(56, 39, -1) ,,,,,, [56, 55, 54, 53, 52, 51, 50, 49, 48, 47, 46, 45, 44, 43, 42, 41, 40]
0 5 0 -15 0 20 60 60 65 60 50 40 30 20 15 10 5 xxx  425
range(56, 39, -1) ,,,,,, [56, 55, 54, 53, 52, 51, 50, 49, 48, 47, 46, 45, 44, 43, 42, 41, 40]
0 0 0 15 0 20 -40 -20 -23 -20 -15 -10 -5 0 0 0 0 xxx  -98
range(56, 39, -1) ,,,,,, [56, 55, 54, 53, 52, 51, 50, 49, 48, 47, 46, 45, 44, 43, 42, 41, 40]
0 0 0 0 0 -10 -40 -50 -50 -40 -30 -20 -10 0 0 0 0 xxx  -250
range(56, 39, -1) ,,,,,, [56, 55, 54, 53, 52, 51, 50, 49, 48, 47, 46, 45, 44, 43, 42, 41, 40]
0 0 0 0 0 -10 0 -25 -25 -25 -20 -15 -10 -5 0 0 0 xxx  -135
425 -135 ***
=========== 49
range(57, 40, -1) ,,,,,, [57, 56, 55, 54, 53, 52, 51, 50, 49, 48, 47, 46, 45, 44, 43, 42, 41]
0 5 10 0 -20 0 15 70 65 60 50 40 30 20 15 10 5 xxx  375
range(57, 40, -1) ,,,,,, [57, 56, 55, 54, 53, 52, 51, 50, 49, 48, 47, 46, 45, 44, 43, 42, 41]
0 0 0 0 20 0 40 -45 -23 -20 -15 -10 -5 0 0 0 0 xxx  -58
range(57, 40, -1) ,,,,,, [57, 56, 55, 54, 53, 52, 51, 50, 49, 48, 47, 46, 45, 44, 43, 42, 41]
0 0 0 0 0 0 -20 -45 -50 -40 -30 -20 -10 0 0 0 0 xxx  -215
range(57, 40, -1) ,,,,,, [57, 56, 55, 54, 53, 52, 51, 50, 49, 48, 47, 46, 45, 44, 43, 42, 41]
0 0 0 0 0 0 -20 -10 -25 -25 -20 -15 -10 -5 0 0 0 xxx  -130
375 -130 ***
=========== 50
range(58, 41, -1) ,,,,,, [58, 57, 56, 55, 54, 53, 52, 51, 50, 49, 48, 47, 46, 45, 44, 43, 42]
0 -5 10 15 0 -15 0 10 78 60 50 40 30 20 15 10 5 xxx  323
range(58, 41, -1) ,,,,,, [58, 57, 56, 55, 54, 53, 52, 51, 50, 49, 48, 47, 46, 45, 44, 43, 42]
-10 10 0 0 0 0 0 60 -50 -20 -15 -10 -5 0 0 0 0 xxx  -40
range(58, 41, -1) ,,,,,, [58, 57, 56, 55, 54, 53, 52, 51, 50, 49, 48, 47, 46, 45, 44, 43, 42]
0 -10 0 -10 0 0 0 -30 -47 -40 -30 -20 -10 0 0 0 0 xxx  -197
range(58, 41, -1) ,,,,,, [58, 57, 56, 55, 54, 53, 52, 51, 50, 49, 48, 47, 46, 45, 44, 43, 42]
0 -10 0 -10 0 0 0 -30 -44 -25 -20 -15 -10 -5 0 0 0 xxx  -169
323 -169 ***
=========== 51
range(59, 42, -1) ,,,,,, [59, 58, 57, 56, 55, 54, 53, 52, 51, 50, 49, 48, 47, 46, 45, 44, 43]
-5 0 -10 15 20 0 -10 0 6 78 50 40 30 20 15 10 5 xxx  264
range(59, 42, -1) ,,,,,, [59, 58, 57, 56, 55, 54, 53, 52, 51, 50, 49, 48, 47, 46, 45, 44, 43]
10 -15 20 0 0 0 -20 0 67 -55 -15 -10 -5 0 0 0 0 xxx  -23
range(59, 42, -1) ,,,,,, [59, 58, 57, 56, 55, 54, 53, 52, 51, 50, 49, 48, 47, 46, 45, 44, 43]
0 -5 -20 -10 -20 0 5 10 -46 -20 -30 -20 -10 0 0 0 0 xxx  -166
range(59, 42, -1) ,,,,,, [59, 58, 57, 56, 55, 54, 53, 52, 51, 50, 49, 48, 47, 46, 45, 44, 43]
0 0 -20 -10 -20 0 0 0 -33 -40 -20 -15 -10 -5 0 0 0 xxx  -173
264 -173 ***
=========== 52
range(60, 43, -1) ,,,,,, [60, 59, 58, 57, 56, 55, 54, 53, 52, 51, 50, 49, 48, 47, 46, 45, 44]
0 -10 0 -15 20 25 0 0 -9 0 78 40 30 20 15 10 5 xxx  209
range(60, 43, -1) ,,,,,, [60, 59, 58, 57, 56, 55, 54, 53, 52, 51, 50, 49, 48, 47, 46, 45, 44]
0 20 -20 10 0 5 0 -30 4 60 -60 -10 -5 0 0 0 0 xxx  -26
range(60, 43, -1) ,,,,,, [60, 59, 58, 57, 56, 55, 54, 53, 52, 51, 50, 49, 48, 47, 46, 45, 44]
0 0 -10 -20 -20 -30 0 10 21 -40 0 -20 -10 0 0 0 0 xxx  -119
range(60, 43, -1) ,,,,,, [60, 59, 58, 57, 56, 55, 54, 53, 52, 51, 50, 49, 48, 47, 46, 45, 44]
0 0 10 -20 -20 -30 0 0 -12 -30 -20 -15 -10 -5 0 0 0 xxx  -152
209 -152 ***
=========== 53
range(61, 44, -1) ,,,,,, [61, 60, 59, 58, 57, 56, 55, 54, 53, 52, 51, 50, 49, 48, 47, 46, 45]
0 0 -15 0 -20 25 28 0 5 -15 -10 78 30 20 15 10 5 xxx  156
range(61, 44, -1) ,,,,,, [61, 60, 59, 58, 57, 56, 55, 54, 53, 52, 51, 50, 49, 48, 47, 46, 45]
0 0 30 -25 0 5 10 0 -44 0 40 -60 -5 0 0 0 0 xxx  -49
range(61, 44, -1) ,,,,,, [61, 60, 59, 58, 57, 56, 55, 54, 53, 52, 51, 50, 49, 48, 47, 46, 45]
20 0 0 -15 10 -30 -40 10 31 30 -10 10 -10 0 0 0 0 xxx  6
range(61, 44, -1) ,,,,,, [61, 60, 59, 58, 57, 56, 55, 54, 53, 52, 51, 50, 49, 48, 47, 46, 45]
0 0 0 20 10 -30 -40 0 0 0 -10 -10 -10 -5 0 0 0 xxx  -75
156 -75 ***
=========== 54
range(62, 45, -1) ,,,,,, [62, 61, 60, 59, 58, 57, 56, 55, 54, 53, 52, 51, 50, 49, 48, 47, 46]
0 0 0 -20 10 -25 28 30 -9 10 -20 -15 78 20 15 10 5 xxx  117
range(62, 45, -1) ,,,,,, [62, 61, 60, 59, 58, 57, 56, 55, 54, 53, 52, 51, 50, 49, 48, 47, 46]
5 0 -10 40 -30 -5 10 20 4 -30 0 20 -50 0 0 0 0 xxx  -26
range(62, 45, -1) ,,,,,, [62, 61, 60, 59, 58, 57, 56, 55, 54, 53, 52, 51, 50, 49, 48, 47, 46]
0 40 0 0 -20 15 -40 -50 21 10 40 0 5 0 0 0 0 xxx  21
range(62, 45, -1) ,,,,,, [62, 61, 60, 59, 58, 57, 56, 55, 54, 53, 52, 51, 50, 49, 48, 47, 46]
0 0 0 0 40 15 -40 -30 -12 0 20 0 0 -5 0 0 0 xxx  -12
117 -12 ***
=========== 55
range(63, 46, -1) ,,,,,, [63, 62, 61, 60, 59, 58, 57, 56, 55, 54, 53, 52, 51, 50, 49, 48, 47]
0 0 0 0 -30 20 -30 30 32 -15 15 -30 -20 70 15 10 5 xxx  72
range(63, 46, -1) ,,,,,, [63, 62, 61, 60, 59, 58, 57, 56, 55, 54, 53, 52, 51, 50, 49, 48, 47]
10 10 0 -20 40 -35 -10 20 23 0 -20 0 0 -40 0 0 0 xxx  -22
range(63, 46, -1) ,,,,,, [63, 62, 61, 60, 59, 58, 57, 56, 55, 54, 53, 52, 51, 50, 49, 48, 47]
0 10 50 0 10 -30 20 -50 -56 30 5 30 0 0 0 0 0 xxx  19
range(63, 46, -1) ,,,,,, [63, 62, 61, 60, 59, 58, 57, 56, 55, 54, 53, 52, 51, 50, 49, 48, 47]
0 10 0 0 10 20 20 -30 -20 0 0 30 10 0 0 0 0 xxx  50
72 50 ***
=========== 56
range(64, 47, -1) ,,,,,, [64, 63, 62, 61, 60, 59, 58, 57, 56, 55, 54, 53, 52, 51, 50, 49, 48]
0 0 0 0 0 -40 60 -35 32 30 -20 20 -40 -25 60 10 5 xxx  57
range(64, 47, -1) ,,,,,, [64, 63, 62, 61, 60, 59, 58, 57, 56, 55, 54, 53, 52, 51, 50, 49, 48]
0 30 15 0 0 20 -40 -15 23 20 0 0 0 -10 -30 0 0 xxx  13
range(64, 47, -1) ,,,,,, [64, 63, 62, 61, 60, 59, 58, 57, 56, 55, 54, 53, 52, 51, 50, 49, 48]
0 0 20 60 -10 30 -40 25 -56 -20 40 0 20 20 0 0 0 xxx  89
range(64, 47, -1) ,,,,,, [64, 63, 62, 61, 60, 59, 58, 57, 56, 55, 54, 53, 52, 51, 50, 49, 48]
0 0 20 0 -10 30 0 25 -20 -20 20 0 20 20 0 0 0 xxx  85
89 85 ***
=========== 57
range(65, 48, -1) ,,,,,, [65, 64, 63, 62, 61, 60, 59, 58, 57, 56, 55, 54, 53, 52, 51, 50, 49]
0 -5 0 -5 0 0 -50 70 -39 30 28 -30 20 -50 -20 40 5 xxx  -6
range(65, 48, -1) ,,,,,, [65, 64, 63, 62, 61, 60, 59, 58, 57, 56, 55, 54, 53, 52, 51, 50, 49]
10 5 50 20 0 20 0 -45 -17 20 10 0 0 0 -20 -20 0 xxx  33
range(65, 48, -1) ,,,,,, [65, 64, 63, 62, 61, 60, 59, 58, 57, 56, 55, 54, 53, 52, 51, 50, 49]
0 0 0 20 60 -20 55 -45 26 -20 -10 30 0 10 30 0 0 xxx  136
range(65, 48, -1) ,,,,,, [65, 64, 63, 62, 61, 60, 59, 58, 57, 56, 55, 54, 53, 52, 51, 50, 49]
0 0 0 30 0 -20 40 -10 50 -20 -10 30 0 10 30 0 0 xxx  130
136 130 ***
=========== 58
range(66, 49, -1) ,,,,,, [66, 65, 64, 63, 62, 61, 60, 59, 58, 57, 56, 55, 54, 53, 52, 51, 50]
5 0 -10 0 -10 0 0 -60 78 -35 28 25 -40 20 -50 -10 20 xxx  -39
range(66, 49, -1) ,,,,,, [66, 65, 64, 63, 62, 61, 60, 59, 58, 57, 56, 55, 54, 53, 52, 51, 50]
0 30 10 30 15 10 40 -20 -50 -15 10 5 0 0 0 -10 -10 xxx  45
range(66, 49, -1) ,,,,,, [66, 65, 64, 63, 62, 61, 60, 59, 58, 57, 56, 55, 54, 53, 52, 51, 50]
0 0 0 10 20 55 -30 55 -47 25 -10 0 20 0 0 20 0 xxx  118
range(66, 49, -1) ,,,,,, [66, 65, 64, 63, 62, 61, 60, 59, 58, 57, 56, 55, 54, 53, 52, 51, 50]
0 0 0 10 20 0 -25 45 -44 25 -10 0 20 0 0 20 0 xxx  61
118 61 ***
=========== 59
range(67, 50, -1) ,,,,,, [67, 66, 65, 64, 63, 62, 61, 60, 59, 58, 57, 56, 55, 54, 53, 52, 51]
-10 10 0 -15 -10 -15 -5 5 -86 78 -30 25 20 -50 15 -30 -5 xxx  -103
range(67, 50, -1) ,,,,,, [67, 66, 65, 64, 63, 62, 61, 60, 59, 58, 57, 56, 55, 54, 53, 52, 51]
10 -10 50 15 20 15 20 60 -42 -55 -10 5 0 0 0 0 0 xxx  78
range(67, 50, -1) ,,,,,, [67, 66, 65, 64, 63, 62, 61, 60, 59, 58, 57, 56, 55, 54, 53, 52, 51]
10 0 0 0 20 15 50 -40 57 -20 20 0 0 10 0 0 10 xxx  132
range(67, 50, -1) ,,,,,, [67, 66, 65, 64, 63, 62, 61, 60, 59, 58, 57, 56, 55, 54, 53, 52, 51]
0 0 0 0 20 15 -10 -30 49 -40 20 0 0 10 0 0 0 xxx  34
132 34 ***
=========== 60
range(68, 51, -1) ,,,,,, [68, 67, 66, 65, 64, 63, 62, 61, 60, 59, 58, 57, 56, 55, 54, 53, 52]
0 -20 15 0 -20 -20 -20 -10 10 -60 78 -25 20 15 -50 10 -10 xxx  -87
range(68, 51, -1) ,,,,,, [68, 67, 66, 65, 64, 63, 62, 61, 60, 59, 58, 57, 56, 55, 54, 53, 52]
0 20 -20 30 20 0 10 30 68 -20 -60 -5 0 0 0 0 0 xxx  73
range(68, 51, -1) ,,,,,, [68, 67, 66, 65, 64, 63, 62, 61, 60, 59, 58, 57, 56, 55, 54, 53, 52]
0 20 0 10 0 30 18 45 -60 40 0 15 0 0 0 0 0 xxx  118
range(68, 51, -1) ,,,,,, [68, 67, 66, 65, 64, 63, 62, 61, 60, 59, 58, 57, 56, 55, 54, 53, 52]
0 0 0 10 0 30 10 -30 -35 45 -20 15 0 0 0 0 0 xxx  25
118 25 ***
=========== 61
range(69, 52, -1) ,,,,,, [69, 68, 67, 66, 65, 64, 63, 62, 61, 60, 59, 58, 57, 56, 55, 54, 53]
0 -5 -40 20 -10 -15 -30 -25 -13 14 -50 78 -20 15 10 -30 5 xxx  -96
range(69, 52, -1) ,,,,,, [69, 68, 67, 66, 65, 64, 63, 62, 61, 60, 59, 58, 57, 56, 55, 54, 53]
0 10 30 -10 20 0 -15 10 44 60 0 -60 0 0 0 0 0 xxx  89
range(69, 52, -1) ,,,,,, [69, 68, 67, 66, 65, 64, 63, 62, 61, 60, 59, 58, 57, 56, 55, 54, 53]
0 -10 30 0 20 0 35 5 44 -40 0 10 10 0 0 0 0 xxx  104
range(69, 52, -1) ,,,,,, [69, 68, 67, 66, 65, 64, 63, 62, 61, 60, 59, 58, 57, 56, 55, 54, 53]
0 -10 10 0 20 0 35 15 -47 -30 40 -10 10 0 0 0 0 xxx  33
104 33 ***
=========== 62
range(70, 53, -1) ,,,,,, [70, 69, 68, 67, 66, 65, 64, 63, 62, 61, 60, 59, 58, 57, 56, 55, 54]
0 0 -10 -60 25 -20 -10 -40 -26 -10 10 -40 78 -15 10 5 -10 xxx  -113
range(70, 53, -1) ,,,,,, [70, 69, 68, 67, 66, 65, 64, 63, 62, 61, 60, 59, 58, 57, 56, 55, 54]
0 0 20 30 0 0 -20 -30 13 30 40 20 -50 10 0 0 0 xxx  63
range(70, 53, -1) ,,,,,, [70, 69, 68, 67, 66, 65, 64, 63, 62, 61, 60, 59, 58, 57, 56, 55, 54]
0 0 -20 40 0 30 5 40 3 40 -30 0 5 0 0 0 0 xxx  113
range(70, 53, -1) ,,,,,, [70, 69, 68, 67, 66, 65, 64, 63, 62, 61, 60, 59, 58, 57, 56, 55, 54]
0 0 -20 20 0 30 0 40 17 -30 -25 30 0 0 0 0 0 xxx  62
113 62 ***
=========== 63
range(71, 54, -1) ,,,,,, [71, 70, 69, 68, 67, 66, 65, 64, 63, 62, 61, 60, 59, 58, 57, 56, 55]
0 -5 0 -15 -80 20 -30 0 -51 -25 -5 5 -30 70 -10 5 0 xxx  -151
range(71, 54, -1) ,,,,,, [71, 70, 69, 68, 67, 66, 65, 64, 63, 62, 61, 60, 59, 58, 57, 56, 55]
0 10 -10 10 20 20 -15 -30 -41 10 20 20 40 -40 20 0 0 xxx  34
range(71, 54, -1) ,,,,,, [71, 70, 69, 68, 67, 66, 65, 64, 63, 62, 61, 60, 59, 58, 57, 56, 55]
0 -10 0 -20 50 -10 35 10 42 5 35 -20 0 0 0 0 0 xxx  117
range(71, 54, -1) ,,,,,, [71, 70, 69, 68, 67, 66, 65, 64, 63, 62, 61, 60, 59, 58, 57, 56, 55]
0 -10 0 -20 30 -10 35 0 46 15 -10 -20 10 0 0 0 0 xxx  66
117 66 ***
=========== 64
range(72, 55, -1) ,,,,,, [72, 71, 70, 69, 68, 67, 66, 65, 64, 63, 62, 61, 60, 59, 58, 57, 56]
5 -5 -10 0 -20 -100 15 -40 5 -40 -20 0 0 -20 60 -5 0 xxx  -175
range(72, 55, -1) ,,,,,, [72, 71, 70, 69, 68, 67, 66, 65, 64, 63, 62, 61, 60, 59, 58, 57, 56]
0 10 20 -20 0 10 40 -30 -44 -30 10 10 0 40 -30 10 0 xxx  -4
range(72, 55, -1) ,,,,,, [72, 71, 70, 69, 68, 67, 66, 65, 64, 63, 62, 61, 60, 59, 58, 57, 56]
0 -10 -20 0 10 70 -20 40 31 40 10 30 -10 0 0 0 0 xxx  171
range(72, 55, -1) ,,,,,, [72, 71, 70, 69, 68, 67, 66, 65, 64, 63, 62, 61, 60, 59, 58, 57, 56]
0 -10 -20 0 10 40 -20 40 0 40 10 0 -10 0 0 0 0 xxx  80
171 80 ***
=========== 65
range(73, 56, -1) ,,,,,, [73, 72, 71, 70, 69, 68, 67, 66, 65, 64, 63, 62, 61, 60, 59, 58, 57]
0 10 -10 -15 0 -25 -120 10 -51 10 -30 -15 0 0 -15 40 0 xxx  -211
range(73, 56, -1) ,,,,,, [73, 72, 71, 70, 69, 68, 67, 66, 65, 64, 63, 62, 61, 60, 59, 58, 57]
10 -10 20 10 0 -5 0 60 -41 -30 -15 15 0 -20 30 -20 0 xxx  4
range(73, 56, -1) ,,,,,, [73, 72, 71, 70, 69, 68, 67, 66, 65, 64, 63, 62, 61, 60, 59, 58, 57]
0 0 -20 -20 -10 15 10 -30 42 10 35 15 25 0 0 0 0 xxx  72
range(73, 56, -1) ,,,,,, [73, 72, 71, 70, 69, 68, 67, 66, 65, 64, 63, 62, 61, 60, 59, 58, 57]
0 0 -20 -20 -10 15 50 -30 46 0 35 15 0 0 0 0 0 xxx  81
81 81 ***
=========== 66
range(74, 57, -1) ,,,,,, [74, 73, 72, 71, 70, 69, 68, 67, 66, 65, 64, 63, 62, 61, 60, 59, 58]
0 0 15 -15 -20 0 -30 -140 6 -40 15 -20 -10 0 0 -10 20 xxx  -229
range(74, 57, -1) ,,,,,, [74, 73, 72, 71, 70, 69, 68, 67, 66, 65, 64, 63, 62, 61, 60, 59, 58]
0 30 -20 10 0 20 -10 -10 67 -30 -20 0 15 0 -10 20 -10 xxx  52
range(74, 57, -1) ,,,,,, [74, 73, 72, 71, 70, 69, 68, 67, 66, 65, 64, 63, 62, 61, 60, 59, 58]
0 0 0 -20 10 -20 20 -90 -46 40 5 30 20 20 0 0 0 xxx  -31
range(74, 57, -1) ,,,,,, [74, 73, 72, 71, 70, 69, 68, 67, 66, 65, 64, 63, 62, 61, 60, 59, 58]
0 0 0 -20 10 -20 20 55 -33 40 0 30 20 0 0 0 0 xxx  102
102 102 ***
=========== 67
range(75, 58, -1) ,,,,,, [75, 74, 73, 72, 71, 70, 69, 68, 67, 66, 65, 64, 63, 62, 61, 60, 59]
0 0 0 20 -20 -25 0 -35 -77 0 -30 20 -10 -5 0 0 -5 xxx  -167
range(75, 58, -1) ,,,,,, [75, 74, 73, 72, 71, 70, 69, 68, 67, 66, 65, 64, 63, 62, 61, 60, 59]
0 0 50 -10 0 -5 40 -15 -18 60 -15 0 20 20 0 0 -10 xxx  117
range(75, 58, -1) ,,,,,, [75, 74, 73, 72, 71, 70, 69, 68, 67, 66, 65, 64, 63, 62, 61, 60, 59]
0 0 0 0 10 15 -30 25 36 -40 35 0 20 20 15 0 0 xxx  106
range(75, 58, -1) ,,,,,, [75, 74, 73, 72, 71, 70, 69, 68, 67, 66, 65, 64, 63, 62, 61, 60, 59]
0 0 0 0 10 15 -25 25 58 -30 35 0 20 30 0 0 0 xxx  138
138 138 ***
=========== 68
range(76, 59, -1) ,,,,,, [76, 75, 74, 73, 72, 71, 70, 69, 68, 67, 66, 65, 64, 63, 62, 61, 60]
0 0 0 0 25 -25 -30 5 -39 -60 -10 -20 20 0 0 0 0 xxx  -134
range(76, 59, -1) ,,,,,, [76, 75, 74, 73, 72, 71, 70, 69, 68, 67, 66, 65, 64, 63, 62, 61, 60]
0 0 0 30 0 -5 -10 60 -17 -20 40 0 0 50 15 0 0 xxx  143
range(76, 59, -1) ,,,,,, [76, 75, 74, 73, 72, 71, 70, 69, 68, 67, 66, 65, 64, 63, 62, 61, 60]
0 0 0 10 0 15 20 -40 26 90 -10 30 0 10 20 10 0 xxx  181
range(76, 59, -1) ,,,,,, [76, 75, 74, 73, 72, 71, 70, 69, 68, 67, 66, 65, 64, 63, 62, 61, 60]
0 0 0 10 0 15 20 -30 50 50 -10 30 0 10 20 0 0 xxx  165
181 165 ***
=========== 69
range(77, 60, -1) ,,,,,, [77, 76, 75, 74, 73, 72, 71, 70, 69, 68, 67, 66, 65, 64, 63, 62, 61]
0 5 0 0 -10 20 -30 -35 10 -35 -30 -15 -10 20 0 0 0 xxx  -110
range(77, 60, -1) ,,,,,, [77, 76, 75, 74, 73, 72, 71, 70, 69, 68, 67, 66, 65, 64, 63, 62, 61]
0 0 -10 0 20 20 -10 -15 68 -15 -10 20 20 0 30 10 0 xxx  128
range(77, 60, -1) ,,,,,, [77, 76, 75, 74, 73, 72, 71, 70, 69, 68, 67, 66, 65, 64, 63, 62, 61]
0 0 0 0 20 -10 20 25 -60 25 10 0 20 0 5 10 5 xxx  70
range(77, 60, -1) ,,,,,, [77, 76, 75, 74, 73, 72, 71, 70, 69, 68, 67, 66, 65, 64, 63, 62, 61]
0 0 0 0 20 -10 20 25 -35 25 10 0 20 0 0 10 0 xxx  85
128 85 ***
=========== 70
range(78, 61, -1) ,,,,,, [78, 77, 76, 75, 74, 73, 72, 71, 70, 69, 68, 67, 66, 65, 64, 63, 62]
0 0 10 0 0 -20 15 -35 -39 14 -30 -20 -20 0 15 0 0 xxx  -110
range(78, 61, -1) ,,,,,, [78, 77, 76, 75, 74, 73, 72, 71, 70, 69, 68, 67, 66, 65, 64, 63, 62]
10 0 0 -20 0 0 40 -15 -17 60 -10 10 0 50 0 50 5 xxx  163
range(78, 61, -1) ,,,,,, [78, 77, 76, 75, 74, 73, 72, 71, 70, 69, 68, 67, 66, 65, 64, 63, 62]
0 0 0 0 0 30 -20 25 26 -40 20 0 0 10 0 0 0 xxx  51
range(78, 61, -1) ,,,,,, [78, 77, 76, 75, 74, 73, 72, 71, 70, 69, 68, 67, 66, 65, 64, 63, 62]
0 0 0 0 0 30 -20 25 50 -30 20 0 10 10 0 0 0 xxx  95
163 95 ***
=========== 71
range(79, 62, -1) ,,,,,, [79, 78, 77, 76, 75, 74, 73, 72, 71, 70, 69, 68, 67, 66, 65, 64, 63]
0 0 0 15 0 0 -30 10 -39 -35 10 -25 -10 -25 0 10 0 xxx  -119
range(79, 62, -1) ,,,,,, [79, 78, 77, 76, 75, 74, 73, 72, 71, 70, 69, 68, 67, 66, 65, 64, 63]
0 30 0 0 0 0 -15 60 -17 -15 40 -5 30 -10 30 0 10 xxx  138
range(79, 62, -1) ,,,,,, [79, 78, 77, 76, 75, 74, 73, 72, 71, 70, 69, 68, 67, 66, 65, 64, 63]
0 0 0 -10 -10 0 35 -30 26 25 -30 15 0 20 5 0 0 xxx  46
range(79, 62, -1) ,,,,,, [79, 78, 77, 76, 75, 74, 73, 72, 71, 70, 69, 68, 67, 66, 65, 64, 63]
0 0 0 -10 -10 0 35 -30 50 25 -25 15 0 20 0 0 0 xxx  70
138 70 ***
=========== 72
range(80, 63, -1) ,,,,,, [80, 79, 78, 77, 76, 75, 74, 73, 72, 71, 70, 69, 68, 67, 66, 65, 64]
5 5 0 0 20 0 0 -40 6 -35 -30 5 -20 0 -20 0 5 xxx  -99
range(80, 63, -1) ,,,,,, [80, 79, 78, 77, 76, 75, 74, 73, 72, 71, 70, 69, 68, 67, 66, 65, 64]
0 0 50 0 0 20 0 -30 67 -15 -10 20 0 40 -20 50 0 xxx  172
range(80, 63, -1) ,,,,,, [80, 79, 78, 77, 76, 75, 74, 73, 72, 71, 70, 69, 68, 67, 66, 65, 64]
0 0 0 0 -20 -20 0 40 -46 25 20 -20 10 0 30 0 0 xxx  19
range(80, 63, -1) ,,,,,, [80, 79, 78, 77, 76, 75, 74, 73, 72, 71, 70, 69, 68, 67, 66, 65, 64]
0 0 0 0 -20 -20 0 40 -33 25 20 -20 10 0 30 0 0 xxx  32
172 32 ***
=========== 73
range(81, 64, -1) ,,,,,, [81, 80, 79, 78, 77, 76, 75, 74, 73, 72, 71, 70, 69, 68, 67, 66, 65]
0 10 10 0 0 25 0 0 -51 0 -30 -25 0 -15 0 -10 0 xxx  -86
range(81, 64, -1) ,,,,,, [81, 80, 79, 78, 77, 76, 75, 74, 73, 72, 71, 70, 69, 68, 67, 66, 65]
0 0 0 30 0 5 40 0 -41 60 -10 -5 0 10 30 -10 10 xxx  119
range(81, 64, -1) ,,,,,, [81, 80, 79, 78, 77, 76, 75, 74, 73, 72, 71, 70, 69, 68, 67, 66, 65]
0 0 0 10 0 -30 -30 10 42 -40 20 15 -10 0 0 20 0 xxx  7
range(81, 64, -1) ,,,,,, [81, 80, 79, 78, 77, 76, 75, 74, 73, 72, 71, 70, 69, 68, 67, 66, 65]
0 0 0 10 0 -30 -25 0 46 -30 20 15 -10 0 0 20 0 xxx  16
119 16 ***
=========== 74
range(82, 65, -1) ,,,,,, [82, 81, 80, 79, 78, 77, 76, 75, 74, 73, 72, 71, 70, 69, 68, 67, 66]
0 -5 15 15 -10 0 28 5 -9 -40 -10 -25 -20 0 -10 0 -5 xxx  -71
range(82, 65, -1) ,,,,,, [82, 81, 80, 79, 78, 77, 76, 75, 74, 73, 72, 71, 70, 69, 68, 67, 66]
-10 10 0 0 20 0 10 60 4 -30 40 -5 0 -20 20 20 0 xxx  119
range(82, 65, -1) ,,,,,, [82, 81, 80, 79, 78, 77, 76, 75, 74, 73, 72, 71, 70, 69, 68, 67, 66]
0 -10 0 -10 20 0 -40 -40 21 40 -10 15 10 0 0 0 10 xxx  6
range(82, 65, -1) ,,,,,, [82, 81, 80, 79, 78, 77, 76, 75, 74, 73, 72, 71, 70, 69, 68, 67, 66]
0 -10 0 -10 20 0 -40 -30 -12 40 -10 15 10 0 0 0 0 xxx  -27
119 -27 ***
=========== 75
range(83, 66, -1) ,,,,,, [83, 82, 81, 80, 79, 78, 77, 76, 75, 74, 73, 72, 71, 70, 69, 68, 67]
20 0 -10 20 20 -20 0 30 10 -15 -30 -15 -20 -15 0 -5 0 xxx  -30
range(83, 66, -1) ,,,,,, [83, 82, 81, 80, 79, 78, 77, 76, 75, 74, 73, 72, 71, 70, 69, 68, 67]
-5 -15 20 0 0 0 0 20 68 0 -15 20 0 10 -10 10 10 xxx  113
range(83, 66, -1) ,,,,,, [83, 82, 81, 80, 79, 78, 77, 76, 75, 74, 73, 72, 71, 70, 69, 68, 67]
-10 -5 -20 -10 -20 30 0 -50 -60 30 35 0 10 0 0 0 0 xxx  -70
range(83, 66, -1) ,,,,,, [83, 82, 81, 80, 79, 78, 77, 76, 75, 74, 73, 72, 71, 70, 69, 68, 67]
-10 0 -20 0 -20 30 0 -30 -35 0 35 0 10 0 0 0 0 xxx  -40
113 -40 ***
=========== 76
range(84, 67, -1) ,,,,,, [84, 83, 82, 81, 80, 79, 78, 77, 76, 75, 74, 73, 72, 71, 70, 69, 68]
0 40 0 -15 30 25 -30 0 32 14 -20 -20 -20 -15 -10 0 0 xxx  11
range(84, 67, -1) ,,,,,, [84, 83, 82, 81, 80, 79, 78, 77, 76, 75, 74, 73, 72, 71, 70, 69, 68]
0 -10 -20 10 -5 5 -15 0 23 60 0 0 0 10 20 0 0 xxx  78
range(84, 67, -1) ,,,,,, [84, 83, 82, 81, 80, 79, 78, 77, 76, 75, 74, 73, 72, 71, 70, 69, 68]
10 -20 -10 -20 -20 -30 35 10 -56 -40 40 30 0 0 0 0 0 xxx  -71
range(84, 67, -1) ,,,,,, [84, 83, 82, 81, 80, 79, 78, 77, 76, 75, 74, 73, 72, 71, 70, 69, 68]
10 -20 10 -20 -5 -30 35 0 -20 -30 20 30 10 0 0 0 0 xxx  -10
78 -10 ***
=========== 77
range(85, 68, -1) ,,,,,, [85, 84, 83, 82, 81, 80, 79, 78, 77, 76, 75, 74, 73, 72, 71, 70, 69]
0 0 50 0 -20 40 28 -40 -9 30 10 -30 -10 -25 -10 -5 0 xxx  9
range(85, 68, -1) ,,,,,, [85, 84, 83, 82, 81, 80, 79, 78, 77, 76, 75, 74, 73, 72, 71, 70, 69]
0 0 -15 -25 0 -10 10 -30 4 20 40 0 20 -10 20 10 0 xxx  34
range(85, 68, -1) ,,,,,, [85, 84, 83, 82, 81, 80, 79, 78, 77, 76, 75, 74, 73, 72, 71, 70, 69]
10 20 -30 -15 10 -30 -40 40 21 -20 -30 30 20 20 0 0 0 xxx  6
range(85, 68, -1) ,,,,,, [85, 84, 83, 82, 81, 80, 79, 78, 77, 76, 75, 74, 73, 72, 71, 70, 69]
10 20 -30 20 10 -10 -40 40 -12 -20 -25 30 20 20 0 0 0 xxx  33
34 33 ***
=========== 78
range(86, 69, -1) ,,,,,, [86, 85, 84, 83, 82, 81, 80, 79, 78, 77, 76, 75, 74, 73, 72, 71, 70]
10 0 0 55 10 -25 50 30 -51 -15 28 5 -40 0 -20 -5 0 xxx  32
range(86, 69, -1) ,,,,,, [86, 85, 84, 83, 82, 81, 80, 79, 78, 77, 76, 75, 74, 73, 72, 71, 70]
-10 0 0 -20 -30 -5 -15 20 -41 0 10 20 0 50 -20 10 0 xxx  -31
range(86, 69, -1) ,,,,,, [86, 85, 84, 83, 82, 81, 80, 79, 78, 77, 76, 75, 74, 73, 72, 71, 70]
-5 20 30 -40 -20 15 -40 -50 42 30 -10 -20 20 10 30 0 0 xxx  12
range(86, 69, -1) ,,,,,, [86, 85, 84, 83, 82, 81, 80, 79, 78, 77, 76, 75, 74, 73, 72, 71, 70]
0 20 30 -40 40 15 -20 -30 46 0 -10 -20 20 10 30 0 0 xxx  91
91 91 ***
=========== 79
range(87, 70, -1) ,,,,,, [87, 86, 85, 84, 83, 82, 81, 80, 79, 78, 77, 76, 75, 74, 73, 72, 71]
-5 20 0 0 60 20 -30 60 32 -40 -20 25 0 -50 0 -10 0 xxx  62
range(87, 70, -1) ,,,,,, [87, 86, 85, 84, 83, 82, 81, 80, 79, 78, 77, 76, 75, 74, 73, 72, 71]
10 -20 0 0 -30 -35 -10 -20 23 -30 0 5 0 0 30 -10 0 xxx  -87
range(87, 70, -1) ,,,,,, [87, 86, 85, 84, 83, 82, 81, 80, 79, 78, 77, 76, 75, 74, 73, 72, 71]
0 -15 30 25 -25 -30 20 -50 -56 40 40 0 -10 10 5 20 0 xxx  4
range(87, 70, -1) ,,,,,, [87, 86, 85, 84, 83, 82, 81, 80, 79, 78, 77, 76, 75, 74, 73, 72, 71]
0 -5 30 25 -25 20 20 -25 -20 40 20 0 -10 10 0 20 0 xxx  100
100 100 ***
=========== 80
range(88, 71, -1) ,,,,,, [88, 87, 86, 85, 84, 83, 82, 81, 80, 79, 78, 77, 76, 75, 74, 73, 72]
5 -10 25 0 5 60 60 -35 65 30 -30 -30 20 0 -50 0 -5 xxx  110
range(88, 71, -1) ,,,,,, [88, 87, 86, 85, 84, 83, 82, 81, 80, 79, 78, 77, 76, 75, 74, 73, 72]
0 20 -30 0 0 -40 -40 -15 -23 20 -15 0 0 -20 0 50 0 xxx  -93
range(88, 71, -1) ,,,,,, [88, 87, 86, 85, 84, 83, 82, 81, 80, 79, 78, 77, 76, 75, 74, 73, 72]
0 0 -20 25 20 -10 -40 25 -50 -20 35 30 0 0 0 0 10 xxx  5
range(88, 71, -1) ,,,,,, [88, 87, 86, 85, 84, 83, 82, 81, 80, 79, 78, 77, 76, 75, 74, 73, 72]
0 0 -10 25 20 -20 0 25 -25 -20 35 30 0 0 0 0 0 xxx  60
110 60 ***
=========== 81
range(89, 72, -1) ,,,,,, [89, 88, 87, 86, 85, 84, 83, 82, 81, 80, 79, 78, 77, 76, 75, 74, 73]
0 10 -15 30 5 10 50 70 -39 60 28 -20 -40 15 0 -30 0 xxx  134
range(89, 72, -1) ,,,,,, [89, 88, 87, 86, 85, 84, 83, 82, 81, 80, 79, 78, 77, 76, 75, 74, 73]
0 0 30 -40 0 -5 -50 -45 -17 -20 10 0 0 0 -10 0 10 xxx  -137
range(89, 72, -1) ,,,,,, [89, 88, 87, 86, 85, 84, 83, 82, 81, 80, 79, 78, 77, 76, 75, 74, 73]
0 0 0 -25 20 15 0 -45 26 -40 -10 30 20 0 0 0 0 xxx  -9
range(89, 72, -1) ,,,,,, [89, 88, 87, 86, 85, 84, 83, 82, 81, 80, 79, 78, 77, 76, 75, 74, 73]
0 0 0 -15 20 15 -10 -10 50 -25 -10 30 20 0 0 0 0 xxx  65
134 65 ***
=========== 82
range(90, 73, -1) ,,,,,, [90, 89, 88, 87, 86, 85, 84, 83, 82, 81, 80, 79, 78, 77, 76, 75, 74]
-5 -5 15 -20 35 10 20 30 78 -35 50 25 -10 -50 10 0 -10 xxx  138
range(90, 73, -1) ,,,,,, [90, 89, 88, 87, 86, 85, 84, 83, 82, 81, 80, 79, 78, 77, 76, 75, 74]
10 5 0 40 -40 -5 -10 -40 -50 -15 -15 5 20 0 0 0 0 xxx  -95
range(90, 73, -1) ,,,,,, [90, 89, 88, 87, 86, 85, 84, 83, 82, 81, 80, 79, 78, 77, 76, 75, 74]
0 0 0 0 -30 15 10 10 -47 25 -30 0 20 10 0 0 0 xxx  -17
range(90, 73, -1) ,,,,,, [90, 89, 88, 87, 86, 85, 84, 83, 82, 81, 80, 79, 78, 77, 76, 75, 74]
0 0 0 0 -20 15 10 -8 -44 25 -20 0 20 10 0 0 0 xxx  -12
138 -12 ***
=========== 83
range(91, 74, -1) ,,,,,, [91, 90, 89, 88, 87, 86, 85, 84, 83, 82, 81, 80, 79, 78, 77, 76, 75]
10 -10 -10 20 -30 40 20 20 23 78 -30 40 20 0 -50 5 0 xxx  146
range(91, 74, -1) ,,,,,, [91, 90, 89, 88, 87, 86, 85, 84, 83, 82, 81, 80, 79, 78, 77, 76, 75]
-10 20 10 0 40 -30 -10 0 -33 -55 -10 -10 0 50 0 0 0 xxx  -38
range(91, 74, -1) ,,,,,, [91, 90, 89, 88, 87, 86, 85, 84, 83, 82, 81, 80, 79, 78, 77, 76, 75]
-5 0 0 -10 10 -35 10 5 10 -20 20 -20 0 10 0 0 0 xxx  -25
range(91, 74, -1) ,,,,,, [91, 90, 89, 88, 87, 86, 85, 84, 83, 82, 81, 80, 79, 78, 77, 76, 75]
0 0 0 0 10 -25 10 0 -8 -40 20 -15 0 10 0 0 0 xxx  -38
146 -38 ***
=========== 84
range(92, 75, -1) ,,,,,, [92, 91, 90, 89, 88, 87, 86, 85, 84, 83, 82, 81, 80, 79, 78, 77, 76]
-5 20 -15 -15 30 -40 45 20 10 10 78 -25 30 15 0 -30 0 xxx  128
range(92, 75, -1) ,,,,,, [92, 91, 90, 89, 88, 87, 86, 85, 84, 83, 82, 81, 80, 79, 78, 77, 76]
0 -20 30 15 -5 20 0 0 12 -20 -60 -5 -5 0 30 0 0 xxx  -8
range(92, 75, -1) ,,,,,, [92, 91, 90, 89, 88, 87, 86, 85, 84, 83, 82, 81, 80, 79, 78, 77, 76]
0 -15 0 0 -20 30 -40 5 4 10 0 15 -10 0 5 0 0 xxx  -16
range(92, 75, -1) ,,,,,, [92, 91, 90, 89, 88, 87, 86, 85, 84, 83, 82, 81, 80, 79, 78, 77, 76]
0 -5 0 0 -5 30 -30 0 -5 0 -20 15 -10 0 0 0 0 xxx  -30
128 -30 ***
=========== 85
range(93, 76, -1) ,,,,,, [93, 92, 91, 90, 89, 88, 87, 86, 85, 84, 83, 82, 81, 80, 79, 78, 77]
0 -10 25 -20 -20 40 -50 50 10 -10 5 78 -20 20 10 0 -10 xxx  98
range(93, 76, -1) ,,,,,, [93, 92, 91, 90, 89, 88, 87, 86, 85, 84, 83, 82, 81, 80, 79, 78, 77]
0 5 -30 40 20 -10 0 10 12 20 -10 -60 0 0 0 50 0 xxx  47
range(93, 76, -1) ,,,,,, [93, 92, 91, 90, 89, 88, 87, 86, 85, 84, 83, 82, 81, 80, 79, 78, 77]
0 0 -20 0 0 -30 55 -45 4 20 0 10 10 0 0 0 0 xxx  4
range(93, 76, -1) ,,,,,, [93, 92, 91, 90, 89, 88, 87, 86, 85, 84, 83, 82, 81, 80, 79, 78, 77]
0 0 -10 0 0 -10 40 -40 -5 20 0 -10 10 -5 0 0 0 xxx  -10
98 -10 ***
=========== 86
range(94, 77, -1) ,,,,,, [94, 93, 92, 91, 90, 89, 88, 87, 86, 85, 84, 83, 82, 81, 80, 79, 78]
20 -5 -15 30 -30 -15 50 -60 53 -10 -20 0 78 -15 15 5 0 xxx  81
range(94, 77, -1) ,,,,,, [94, 93, 92, 91, 90, 89, 88, 87, 86, 85, 84, 83, 82, 81, 80, 79, 78]
-5 5 10 -40 40 0 -15 -20 23 20 30 0 -50 10 0 0 10 xxx  18
range(94, 77, -1) ,,,,,, [94, 93, 92, 91, 90, 89, 88, 87, 86, 85, 84, 83, 82, 81, 80, 79, 78]
-10 0 0 -25 10 0 -40 55 -48 20 30 -20 5 0 0 0 0 xxx  -23
range(94, 77, -1) ,,,,,, [94, 93, 92, 91, 90, 89, 88, 87, 86, 85, 84, 83, 82, 81, 80, 79, 78]
-10 0 0 -15 10 0 -20 45 -41 20 30 -20 0 0 0 0 0 xxx  -1
81 -1 ***
=========== 87
range(95, 78, -1) ,,,,,, [95, 94, 93, 92, 91, 90, 89, 88, 87, 86, 85, 84, 83, 82, 81, 80, 79]
0 40 -10 -20 35 -40 -10 60 -86 50 -20 -20 0 70 -10 10 0 xxx  49
range(95, 78, -1) ,,,,,, [95, 94, 93, 92, 91, 90, 89, 88, 87, 86, 85, 84, 83, 82, 81, 80, 79]
0 -10 10 15 -40 20 -20 -20 -42 10 30 40 10 -40 20 0 0 xxx  -17
range(95, 78, -1) ,,,,,, [95, 94, 93, 92, 91, 90, 89, 88, 87, 86, 85, 84, 83, 82, 81, 80, 79]
0 -20 0 5 -30 30 5 -50 57 -45 30 40 -30 0 0 0 0 xxx  -8
range(95, 78, -1) ,,,,,, [95, 94, 93, 92, 91, 90, 89, 88, 87, 86, 85, 84, 83, 82, 81, 80, 79]
0 -20 0 0 -20 30 0 -25 49 -40 30 40 -30 0 0 0 0 xxx  14
49 14 ***
=========== 88
range(96, 79, -1) ,,,,,, [96, 95, 94, 93, 92, 91, 90, 89, 88, 87, 86, 85, 84, 83, 82, 81, 80]
0 5 50 -15 -25 40 -50 0 65 -60 45 -20 -10 0 60 -5 5 xxx  85
range(96, 79, -1) ,,,,,, [96, 95, 94, 93, 92, 91, 90, 89, 88, 87, 86, 85, 84, 83, 82, 81, 80]
0 0 -15 15 20 -30 0 -30 -23 -20 0 40 50 10 -30 10 0 xxx  -3
range(96, 79, -1) ,,,,,, [96, 95, 94, 93, 92, 91, 90, 89, 88, 87, 86, 85, 84, 83, 82, 81, 80]
0 0 -30 0 15 -35 55 10 -50 40 -40 40 50 -20 0 0 0 xxx  35
range(96, 79, -1) ,,,,,, [96, 95, 94, 93, 92, 91, 90, 89, 88, 87, 86, 85, 84, 83, 82, 81, 80]
0 0 -30 0 0 -25 40 0 -25 45 -30 40 50 -20 0 0 0 xxx  45
85 45 ***
=========== 89
range(97, 80, -1) ,,,,,, [97, 96, 95, 94, 93, 92, 91, 90, 89, 88, 87, 86, 85, 84, 83, 82, 81]
10 0 10 55 -20 -30 45 -60 5 60 -50 40 -10 -5 0 40 0 xxx  90
range(97, 80, -1) ,,,,,, [97, 96, 95, 94, 93, 92, 91, 90, 89, 88, 87, 86, 85, 84, 83, 82, 81]
-10 0 0 -20 20 25 0 -20 -44 -20 0 -30 50 50 0 -20 0 xxx  -19
range(97, 80, -1) ,,,,,, [97, 96, 95, 94, 93, 92, 91, 90, 89, 88, 87, 86, 85, 84, 83, 82, 81]
-5 0 0 -40 0 15 -40 55 31 -40 0 -35 50 60 -10 0 0 xxx  41
range(97, 80, -1) ,,,,,, [97, 96, 95, 94, 93, 92, 91, 90, 89, 88, 87, 86, 85, 84, 83, 82, 81]
0 0 0 -40 0 0 -30 45 0 -25 40 -25 50 60 -10 0 0 xxx  65
90 65 ***
=========== 90
range(98, 81, -1) ,,,,,, [98, 97, 96, 95, 94, 93, 92, 91, 90, 89, 88, 87, 86, 85, 84, 83, 82]
0 20 0 15 60 -15 -35 50 -86 10 50 -40 35 -5 0 0 20 xxx  79
range(98, 81, -1) ,,,,,, [98, 97, 96, 95, 94, 93, 92, 91, 90, 89, 88, 87, 86, 85, 84, 83, 82]
0 -20 0 0 -30 0 30 10 -42 -30 -15 20 -40 50 40 0 -10 xxx  -37
range(98, 81, -1) ,,,,,, [98, 97, 96, 95, 94, 93, 92, 91, 90, 89, 88, 87, 86, 85, 84, 83, 82]
0 -15 0 -10 -25 0 20 -45 57 10 -30 0 -30 60 50 -5 0 xxx  37
range(98, 81, -1) ,,,,,, [98, 97, 96, 95, 94, 93, 92, 91, 90, 89, 88, 87, 86, 85, 84, 83, 82]
0 -5 0 -10 -25 0 0 -40 49 0 -20 30 -20 60 50 -5 0 xxx  64
79 64 ***
=========== 91
range(99, 82, -1) ,,,,,, [99, 98, 97, 96, 95, 94, 93, 92, 91, 90, 89, 88, 87, 86, 85, 84, 83]
0 5 25 0 20 60 -10 -40 53 -60 15 40 -30 30 0 0 0 xxx  108
range(99, 82, -1) ,,,,,, [99, 98, 97, 96, 95, 94, 93, 92, 91, 90, 89, 88, 87, 86, 85, 84, 83]
10 0 -30 0 0 -40 -20 35 23 -20 -20 -10 40 -40 40 30 0 xxx  -2
range(99, 82, -1) ,,,,,, [99, 98, 97, 96, 95, 94, 93, 92, 91, 90, 89, 88, 87, 86, 85, 84, 83]
0 0 -20 0 -20 -10 5 25 -48 40 5 -20 0 -25 50 40 0 xxx  22
range(99, 82, -1) ,,,,,, [99, 98, 97, 96, 95, 94, 93, 92, 91, 90, 89, 88, 87, 86, 85, 84, 83]
0 0 -10 0 -20 -20 0 0 -41 45 0 -15 10 -15 50 40 0 xxx  24
108 24 ***
=========== 92
range(99, 83, -1) ,,,,,, [99, 98, 97, 96, 95, 94, 93, 92, 91, 90, 89, 88, 87, 86, 85, 84]
0 10 30 0 25 50 0 -45 50 -50 20 30 -20 25 0 0 xxx  125
range(99, 83, -1) ,,,,,, [99, 98, 97, 96, 95, 94, 93, 92, 91, 90, 89, 88, 87, 86, 85, 84]
30 0 -40 0 5 -50 -30 40 10 0 0 -5 40 -30 30 15 xxx  15
range(99, 83, -1) ,,,,,, [99, 98, 97, 96, 95, 94, 93, 92, 91, 90, 89, 88, 87, 86, 85, 84]
0 0 -25 0 -30 0 10 29 -45 0 0 -10 0 -20 40 20 xxx  -31
range(99, 83, -1) ,,,,,, [99, 98, 97, 96, 95, 94, 93, 92, 91, 90, 89, 88, 87, 86, 85, 84]
0 0 -15 0 -30 -10 0 -6 -40 40 0 -10 0 -10 40 20 xxx  -21
125 -21 ***
=========== 93
range(99, 84, -1) ,,,,,, [99, 98, 97, 96, 95, 94, 93, 92, 91, 90, 89, 88, 87, 86, 85]
0 15 35 0 28 30 5 -40 45 -40 20 20 -15 20 0 xxx  123
range(99, 84, -1) ,,,,,, [99, 98, 97, 96, 95, 94, 93, 92, 91, 90, 89, 88, 87, 86, 85]
50 0 -40 0 10 -40 -44 35 0 20 0 0 30 -20 15 xxx  16
range(99, 84, -1) ,,,,,, [99, 98, 97, 96, 95, 94, 93, 92, 91, 90, 89, 88, 87, 86, 85]
0 -10 -30 0 -40 10 31 25 -40 0 0 0 0 -15 20 xxx  -49
range(99, 84, -1) ,,,,,, [99, 98, 97, 96, 95, 94, 93, 92, 91, 90, 89, 88, 87, 86, 85]
0 -10 -20 0 -40 -8 0 0 -30 30 0 -5 0 -5 20 xxx  -68
123 -68 ***
=========== 94
range(99, 85, -1) ,,,,,, [99, 98, 97, 96, 95, 94, 93, 92, 91, 90, 89, 88, 87, 86]
0 20 40 0 30 23 10 -35 40 -30 20 15 -10 10 xxx  133
range(99, 85, -1) ,,,,,, [99, 98, 97, 96, 95, 94, 93, 92, 91, 90, 89, 88, 87, 86]
30 0 -30 0 20 -33 -30 30 -30 40 0 0 20 -10 xxx  7
range(99, 85, -1) ,,,,,, [99, 98, 97, 96, 95, 94, 93, 92, 91, 90, 89, 88, 87, 86]
10 -20 -35 0 -50 10 10 20 -35 0 0 0 0 -5 xxx  -95
range(99, 85, -1) ,,,,,, [99, 98, 97, 96, 95, 94, 93, 92, 91, 90, 89, 88, 87, 86]
10 -20 -25 0 -30 -8 0 0 -25 10 0 0 0 0 xxx  -88
133 -88 ***
=========== 95
range(99, 86, -1) ,,,,,, [99, 98, 97, 96, 95, 94, 93, 92, 91, 90, 89, 88, 87]
-10 25 45 0 32 10 15 -30 35 -20 15 10 -5 xxx  122
range(99, 86, -1) ,,,,,, [99, 98, 97, 96, 95, 94, 93, 92, 91, 90, 89, 88, 87]
20 5 0 0 23 -20 -20 25 -40 40 0 0 -10 xxx  23
range(99, 86, -1) ,,,,,, [99, 98, 97, 96, 95, 94, 93, 92, 91, 90, 89, 88, 87]
20 -30 -40 10 -56 10 5 15 -30 0 0 0 0 xxx  -96
range(99, 86, -1) ,,,,,, [99, 98, 97, 96, 95, 94, 93, 92, 91, 90, 89, 88, 87]
20 -30 -30 0 -20 0 0 0 -20 0 0 0 0 xxx  -80
122 -80 ***
=========== 96
range(99, 87, -1) ,,,,,, [99, 98, 97, 96, 95, 94, 93, 92, 91, 90, 89, 88]
-20 28 50 -9 30 5 20 -25 30 -15 10 5 xxx  109
range(99, 87, -1) ,,,,,, [99, 98, 97, 96, 95, 94, 93, 92, 91, 90, 89, 88]
0 10 10 4 20 -10 0 20 -40 30 0 0 xxx  44
range(99, 87, -1) ,,,,,, [99, 98, 97, 96, 95, 94, 93, 92, 91, 90, 89, 88]
30 -40 -45 21 -20 0 0 15 -25 0 0 0 xxx  -64
range(99, 87, -1) ,,,,,, [99, 98, 97, 96, 95, 94, 93, 92, 91, 90, 89, 88]
30 -40 -40 -12 -20 0 0 0 -15 0 0 0 xxx  -97
109 -97 ***
=========== 97
range(99, 88, -1) ,,,,,, [99, 98, 97, 96, 95, 94, 93, 92, 91, 90, 89]
-30 30 53 -15 28 0 20 -20 25 -10 5 xxx  86
range(99, 88, -1) ,,,,,, [99, 98, 97, 96, 95, 94, 93, 92, 91, 90, 89]
-15 20 23 0 10 0 0 15 -30 20 0 xxx  43
range(99, 88, -1) ,,,,,, [99, 98, 97, 96, 95, 94, 93, 92, 91, 90, 89]
35 -50 -48 30 -10 -20 0 5 -20 0 0 xxx  -78
range(99, 88, -1) ,,,,,, [99, 98, 97, 96, 95, 94, 93, 92, 91, 90, 89]
35 -30 -41 0 -10 -20 0 0 -10 0 0 xxx  -76
86 -76 ***
=========== 98
range(99, 89, -1) ,,,,,, [99, 98, 97, 96, 95, 94, 93, 92, 91, 90]
-40 32 50 -20 25 0 20 -15 20 -5 xxx  67
range(99, 89, -1) ,,,,,, [99, 98, 97, 96, 95, 94, 93, 92, 91, 90]
-30 23 10 0 5 10 0 10 -20 -10 xxx  -2
range(99, 89, -1) ,,,,,, [99, 98, 97, 96, 95, 94, 93, 92, 91, 90]
40 -56 -45 40 0 -30 0 0 -15 0 xxx  -66
range(99, 89, -1) ,,,,,, [99, 98, 97, 96, 95, 94, 93, 92, 91, 90]
40 -20 -40 20 0 -30 0 0 -5 0 xxx  -35
67 -35 ***
=========== 99
range(99, 90, -1) ,,,,,, [99, 98, 97, 96, 95, 94, 93, 92, 91]
-51 30 45 -30 20 0 15 -10 10 xxx  29
range(99, 90, -1) ,,,,,, [99, 98, 97, 96, 95, 94, 93, 92, 91]
-41 20 0 0 0 10 0 5 -10 xxx  -16
range(99, 90, -1) ,,,,,, [99, 98, 97, 96, 95, 94, 93, 92, 91]
42 -20 -40 30 0 -20 0 0 -5 xxx  -13
range(99, 90, -1) ,,,,,, [99, 98, 97, 96, 95, 94, 93, 92, 91]
46 -20 -30 30 0 -20 0 0 0 xxx  6
29 6 ***
AAAAAAAAAAAAAAAAAAAAAAAAAAAAAAAAAAAAAAAAAAAAAAAAAA 50
HHHHHHHHHHHHHHHHHHHHHHHHHHHHHHHHHHHHHHHHHHHHHHHHHH

EIRDRLLSEGVCTNDNIPSVSSINRVLRNLASEKQQMGADGMYDKLRMLN 100
HHHHHHTTTTTTTTTCCCTEEEEEEEEECCHHHHHHHHHHHHHHHHHHHH

