Message_Coded = (       # The Coded message.
 79, 110, 101,  39, 115,  32,  77, 111, 106,
111,  32, 105, 115,  32, 102, 117, 110,  99,
116, 105, 111, 110,  97, 108,  44,  32,  97,
115,  32, 105, 115,  32, 111, 110, 101,  39,
115,  32,  74, 111, 104, 110,  32, 116, 104,
101,  32,  67, 111, 110, 113, 117, 101, 114,
111, 111,  46,  10,  97, 115,  32, 115, 112,
101,  99, 105, 102, 105, 101, 100,  32, 111,
112, 116, 105, 109,  97, 108,  32,  98, 121,
 32, 116, 104, 101,  32, 105, 110, 101, 115,
116, 105, 109,  97,  98, 108, 101,  32,  77,
117, 100, 100, 121,  32,  87,  97, 116, 101,
114, 115,  46,  10,  65, 108, 108,  32, 105,
115,  32, 119, 101, 108, 108,  32, 119, 105,
116, 104,  32, 116, 104, 101,  32, 119, 111,
114, 108, 100,  32,  46,  46,  46,  32,  66,
121,  32, 116, 104, 101,  32,  76, 111, 114,
100,  32,  72,  97, 114, 114, 121,  33, 10)

Message_Decoded = ""           # Initialise a variable for the decoded message. 

for char in Message_Coded:     # Build the decoded message 
  Message_Decoded += chr(char) # one character at a time. 

print(Message_Decoded)         # Ouput the decoded message.
